1 0.35130750625 0.42783940156250005 0.3869787078125 0.41499955312500003 0.40460126875 0.3864490859375 0.3734790953125 0.3524395796875 0.3278960390625 0.355705865625 0.3102520015625 0.38402085625 0.317094325 0.41588496875000003 0.35130750625 0.42783940156250005
1 0.6244182078125 0.303505025 0.644732003125 0.32899260468749997 0.675502278125 0.3373080125 0.6912150609375 0.3239574984375 0.6936596234375 0.2855554171875 0.6738622421875 0.2584341265625 0.6527488171875 0.2547162203125 0.6259110796875 0.2737868578125 0.6244182078125 0.303505025
1 0.7411399000000001 0.265461728125 0.74885600625 0.2775725171875 0.7602982515625001 0.275603628125 0.767355371875 0.261779453125 0.764354428125 0.2487652390625 0.7574680984375 0.24091459531249998 0.7468016093750001 0.24272739375 0.7392326375 0.252430909375 0.7411399000000001 0.265461728125
1 0.63986809375 0.46401742968750004 0.656909403125 0.46223115156250005 0.6682782031250001 0.44765288437499995 0.660728228125 0.42877023437500006 0.6390339625 0.423942021875 0.6277246078125 0.43627870468749996 0.6290904671875001 0.4506656015625 0.63986809375 0.46401742968750004
1 0.5833776281249999 0.61397255625 0.6011683640625 0.61115478125 0.608110834375 0.5945391734375 0.5961835703125 0.5768054265625 0.5774574859375 0.5750760406250001 0.5647250046875001 0.5854391765625 0.5657658421875 0.6035271718749999 0.5833776281249999 0.61397255625
1 0.7615471921875 0.4415924734375 0.7555159203125 0.4630422421875 0.7563666812500001 0.47705353125 0.7668408828125 0.49136621875 0.773376165625 0.49808914531250004 0.784354340625 0.495437571875 0.7898975828125 0.4872572046875 0.783898753125 0.4781681015625 0.78198880625 0.4574793578125 0.7799012078125 0.4500519859375 0.7615471921875 0.4415924734375
1 0.43006886875 0.8248674218750001 0.4470302515625 0.816973134375 0.454818884375 0.7938639609375 0.44363864218750004 0.7758426265625 0.42439554218750003 0.77040945625 0.4104328703125 0.786309771875 0.4112491796875 0.8111804593749999 0.43006886875 0.8248674218750001
1 0.509022775 0.8206962046875 0.5136594546875 0.8433988125 0.5350410109375 0.853554028125 0.5522436468749999 0.847182940625 0.5626500640625001 0.8241812046874999 0.55675201875 0.7902185375 0.53284880625 0.7773066703125 0.5158998 0.7951274828125 0.509022775 0.8206962046875
1 0.6244380203125 0.7576241359375 0.6434068953125001 0.752536296875 0.6484944828125 0.7288139874999999 0.63335931875 0.7088151171875 0.6124327593750001 0.708744128125 0.6028589953125 0.7297915484375 0.60685185 0.7484292015625 0.6244380203125 0.7576241359375
1 0.654160115625 0.6857284828125 0.666231528125 0.676525228125 0.6683853625 0.660558909375 0.6565919828125 0.6452386203125 0.6445105953125 0.6483560078124999 0.636053265625 0.6568254875 0.638820090625 0.6808667734375 0.654160115625 0.6857284828125
1 0.7743117421875 0.6328440328125 0.771303275 0.6499866515625 0.7795981953125 0.6695075 0.7943807578125 0.6807078921875 0.80597488125 0.6783495109375 0.8138748640625 0.662515615625 0.8098510765625001 0.6371104187500001 0.8025221390624999 0.623688546875 0.7860897109375 0.6220277609375 0.7743117421875 0.6328440328125
1 0.781665078125 0.8139721421875 0.7952286125 0.8404687421875 0.81518666875 0.8383502203125 0.8327302578125 0.82098734375 0.8345624234375 0.8029900921875001 0.8061985859374999 0.7783155765624999 0.8010997124999999 0.778414434375 0.787687471875 0.789579721875 0.781665078125 0.8139721421875
1 0.28117204687499997 0.2985014515625 0.2827054671875 0.30434761093749996 0.2911633609375 0.305899865625 0.2972735875 0.3012793171875 0.2958851515625 0.2896264875 0.2881271546875 0.2838534046875 0.2863116765625 0.2847563375 0.27973450781250003 0.28965491718749997 0.28117204687499997 0.2985014515625
1 0.3206850234375 0.27915393593750004 0.316869815625 0.271386384375 0.3107521953125 0.271925021875 0.30335771562499997 0.278245528125 0.3067785640625 0.2921629859375 0.3174821390625 0.287727721875 0.3206850234375 0.27915393593750004
1 0.3978660234375 0.907878625 0.384444596875 0.8857052062499999 0.3551401703125 0.8883627734375 0.3481222734375 0.9106648765625 0.3978660234375 0.907878625
1 0.327075971875 0.8012460546875 0.3264000921875 0.81952210625 0.3393801125 0.8263933671875 0.35015975625 0.8162556859375 0.345214390625 0.8006734046874999 0.327075971875 0.8012460546875
1 0.3494834484375 0.6649692078125 0.3473631546875 0.6484459031250001 0.32833655624999997 0.6449290203125 0.3229956140625 0.6572632578125 0.3239451203125 0.6695108234375 0.338803825 0.672612090625 0.3494834484375 0.6649692078125
1 0.4538920578125 0.5859507546875 0.45586715624999996 0.5702642796874999 0.44870129687500004 0.563914909375 0.434724284375 0.5681583265625 0.437507478125 0.582594421875 0.44493940624999995 0.5888557734375001 0.4538920578125 0.5859507546875
1 0.35944279375 0.5088785515625001 0.3530000921875 0.5175826359375 0.3597074046875 0.525461634375 0.36806253906249997 0.5186741640625 0.3678789046875 0.5112521375 0.35944279375 0.5088785515625001
1 0.3808257296875 0.5428343875 0.3845969953125 0.5490759640625 0.3945805890625 0.5466072296875 0.3975650140625 0.540689378125 0.396571996875 0.5312234921875 0.39308700625 0.5251912734374999 0.3827700921875 0.5279326953125001 0.3793584234375 0.5335701796875 0.3808257296875 0.5428343875
1 0.500162334375 0.4410757125 0.49402242812499997 0.4509025015625 0.49708920624999997 0.459068603125 0.5078205875 0.45825482500000003 0.5086566546875 0.44814171406250003 0.500162334375 0.4410757125
1 0.47998795312500003 0.5008187796875 0.47931137812499996 0.49094366562499997 0.4705093390625 0.4843519515625 0.46708510781249996 0.48511577343749995 0.46897843593750005 0.48564327343749997 0.46347322343749997 0.495891590625 0.4711366859375 0.5051030437499999 0.47998795312500003 0.5008187796875
1 0.5582493125 0.23553808437499998 0.5571673640625 0.22270401718750002 0.54951024375 0.2233710046875 0.5485822375 0.2345317078125 0.5582493125 0.23553808437499998
1 0.2841707765625 0.265056521875 0.281207771875 0.2551085 0.274244184375 0.257787071875 0.276602709375 0.2676441625 0.2841707765625 0.265056521875
1 0.2610459203125 0.28990022656250003 0.2585835109375 0.2809154390625 0.252984275 0.28240975156250003 0.25499237343750003 0.2932905125 0.2610459203125 0.28990022656250003
1 0.845366771875 0.700717334375 0.843998021875 0.6853832921875 0.8335982890625001 0.6871823171875 0.835722921875 0.7022447703125 0.845366771875 0.700717334375
0 0.553125 0.54375 0.6859375 0.790625