1 0.3325046875 0.3883078125 0.3644265625 0.40546718750000005 0.4016671875 0.398365625 0.4235390625 0.3729234375 0.3981203125 0.3344640625 0.3525875 0.330559375 0.33073125000000003 0.355765625 0.3325046875 0.3883078125
1 0.653625 0.3253875 0.6697015625 0.3537390625 0.6987921874999999 0.366765625 0.7163999999999999 0.3560375 0.7248218750000001 0.318490625 0.7095109374999999 0.28860625 0.6892390625 0.28163125 0.6597484375 0.29626874999999997 0.653625 0.3253875
1 0.7748609375 0.306071875 0.7805875 0.319240625 0.7921968749999999 0.3190859375 0.8013296875 0.30653593749999997 0.8004015624999999 0.2932125 0.794828125 0.28438125 0.784009375 0.28450312499999997 0.775015625 0.292903125 0.7748609375 0.306071875
1 0.63521875 0.47146718749999994 0.643775 0.48634062499999997 0.6608859375 0.4872421875 0.6743953125 0.47462187499999997 0.6698921875 0.45479062499999995 0.6492203125 0.446628125 0.6361203125 0.45704374999999997 0.63521875 0.47146718749999994
1 0.5487609375 0.6125406250000001 0.564521875 0.6256125 0.582534375 0.6256125 0.591990625 0.6102875 0.582984375 0.59090625 0.5647593750000001 0.58626875 0.5505625000000001 0.5945125 0.5487609375 0.6125406250000001
1 0.7567999999999999 0.517440625 0.76490625 0.533215625 0.770309375 0.540878125 0.7815671875 0.5399765624999999 0.7883218750000001 0.5327640625 0.78381875 0.5228484375 0.78516875 0.502115625 0.7842687500000001 0.494453125 0.7674640625 0.48322656249999996 0.7581515624999999 0.50346875 0.7567999999999999 0.517440625
1 0.3636625 0.793465625 0.380109375 0.8099281250000001 0.398096875 0.804784375 0.40940468750000003 0.783178125 0.40118124999999993 0.7636296875 0.383025 0.7552531250000001 0.36674687499999997 0.7687734374999999 0.3636625 0.793465625
1 0.45874375 0.8181593749999999 0.45977187500000005 0.8413078125 0.4793015625 0.8546828124999999 0.4972890625 0.85108125 0.5111656250000001 0.829990625 0.5106531249999999 0.7955234375 0.48906406249999995 0.77903125 0.4695359375 0.7939812500000001 0.45874375 0.8181593749999999
1 0.5666734375 0.7620859375 0.5826046875 0.77391875 0.6021359375 0.7718609375 0.6108718750000001 0.7492265625 0.5990515624999999 0.7271062500000001 0.57839375 0.7237625000000001 0.5656453124999999 0.743053125 0.5666734375 0.7620859375
1 0.6088171874999999 0.70035625 0.6232078125 0.7075578124999999 0.6365703125 0.70035625 0.6411953125000001 0.6849234375 0.63194375 0.6679468749999999 0.6195234375 0.6691359375 0.6098453125 0.6761781250000001 0.6088171874999999 0.70035625
1 0.7445 0.6905812499999999 0.7496390625 0.711159375 0.7624875 0.724534375 0.7743078125 0.72401875 0.7845875 0.709615625 0.7845875 0.68389375 0.7794484374999999 0.669490625 0.763478125 0.6652796875 0.750153125 0.6741203125 0.7445 0.6905812499999999
1 0.72908125 0.85416875 0.7383328125 0.8824609375 0.7583765625 0.883490625 0.7784203125 0.8690859375000001 0.7830453125 0.851596875 0.758890625 0.8227890625000001 0.7538390625 0.8220890624999999 0.7388453125 0.8310187499999999 0.72908125 0.85416875
1 0.31538750000000004 0.26675 0.3159875 0.27276406249999996 0.3240984375 0.27562031249999996 0.33085624999999996 0.2720125 0.3313078125 0.2602859375 0.3245484375 0.25337031250000003 0.3226140625 0.253978125 0.31535156249999996 0.2577875 0.31538750000000004 0.26675
1 0.3416703125 0.26449531249999997 0.35293593749999996 0.2617890625 0.357440625 0.253821875 0.35488749999999997 0.24555312499999998 0.3487609375 0.245128125 0.34046875 0.2502140625 0.3416703125 0.26449531249999997
1 0.3353171875 0.8868796874999999 0.3255296875 0.8628796875000001 0.29617031250000003 0.8609203125 0.28575 0.88185 0.3353171875 0.8868796874999999
1 0.2902984375 0.7972484375 0.30253125000000003 0.788921875 0.300084375 0.7727578125 0.2820796875 0.7704859374999999 0.278553125 0.78843125 0.2902984375 0.7972484375
1 0.29959531250000004 0.6398828125 0.3137859375 0.6452703125 0.3255296875 0.6393921875 0.32602031249999996 0.6227406249999999 0.307778125 0.616290625 0.3005734375 0.6276375 0.29959531250000004 0.6398828125
1 0.42535625 0.5718015624999999 0.4317171875 0.5791484375 0.4410140625 0.5776796875 0.44541875 0.5624953125000001 0.43933437499999994 0.555103125 0.42486562499999997 0.5571078125 0.42535625 0.5718015624999999
1 0.3574515625 0.5032015624999999 0.366765625 0.49780468750000006 0.3677453125 0.4904453125 0.359784375 0.48678125000000005 0.352059375 0.49437031249999996 0.3574515625 0.5032015624999999
1 0.3755921875 0.5236640625 0.378340625 0.53041875 0.3885875 0.5295421874999999 0.3924609375 0.5241640624999999 0.3929609375 0.514659375 0.3904625 0.5081562500000001 0.37984375 0.50925 0.3755921875 0.514284375 0.3755921875 0.5236640625
1 0.503528125 0.45911718749999997 0.5142546875 0.4599921875 0.5166625 0.45013437500000003 0.509378125 0.4418265625 0.5017765625 0.45057187499999996 0.503528125 0.45911718749999997
1 0.47069375 0.500525 0.48010624999999996 0.497678125 0.4809828125 0.48781875 0.4733203125 0.47993125000000003 0.46981875000000006 0.48014999999999997 0.47160624999999995 0.4809671875 0.464565625 0.49022812499999996 0.47069375 0.500525
1 0.598903125 0.24790625 0.5998421875 0.23506093749999998 0.592175 0.234521875 0.5895125 0.2454 0.598903125 0.24790625
1 0.32358125000000004 0.2341859375 0.3222109375 0.22389687500000002 0.3149140625 0.22545312499999998 0.31570156250000003 0.23555781250000002 0.32358125000000004 0.2341859375
1 0.2968546875 0.25510625 0.295828125 0.24584687500000002 0.2900640625 0.246446875 0.2903453125 0.2575078125 0.2968546875 0.25510625
1 0.8097156249999999 0.7522734375 0.8107625 0.7369140625 0.800209375 0.7370640625 0.7999515625 0.7522734375 0.8097156249999999 0.7522734375
0 0.5452343749999999 0.551375 0.5835156249999999 0.707734375