1 0.642971634375 0.41708003125 0.6336692671875 0.45383274843750004 0.6474842671875 0.48440773281249994 0.693082725 0.47762415625 0.715864571875 0.43800760624999996 0.7022568015624999 0.4075464953125 0.6720140765625 0.3954008515625 0.642971634375 0.41708003125
1 0.5933279375 0.713025965625 0.560838446875 0.715614390625 0.5367381421874999 0.7364741875 0.5390197421875 0.7569661859375 0.5694895296875 0.7804669921875 0.603044653125 0.779220253125 0.617933415625 0.7637954578125 0.6171306109375 0.7308817999999999 0.5933279375 0.713025965625
1 0.5595973187500001 0.8310661749999999 0.545242228125 0.8306908484375001 0.5404760875 0.8412778890625001 0.5479905578125 0.8548588875 0.5604579359375 0.8596484484375001 0.5708172031250001 0.8583294468749999 0.5752789468749999 0.8484728234375 0.571466884375 0.8367717234375001 0.5595973187500001 0.8310661749999999
1 0.4516176578125 0.636077103125 0.44356917031250004 0.6512038625 0.44929774843750003 0.6687810890625 0.46917406718750004 0.6730809203125 0.4853081171875 0.6577954609375001 0.4814046546875 0.6415209953125001 0.46871359687499997 0.63460829375 0.4516176578125 0.636077103125
1 0.358888290625 0.505390540625 0.3512758796875 0.5217154109375 0.3611686625 0.5367623078125 0.3825402453125 0.53679074375 0.394445465625 0.5222331765625 0.39297395 0.5058824796875 0.3773962921875 0.49663069374999996 0.358888290625 0.505390540625
1 0.4021667 0.7494935234375 0.3877566796875 0.7324988140625 0.37566505625 0.7253691124999999 0.3579422015625 0.7260490671875 0.348714159375 0.7277076499999999 0.3447734953125 0.738291709375 0.3484555859375 0.74746166875 0.359345296875 0.7475709765625 0.377565071875 0.75755655625 0.3848900109375 0.7599791921875 0.4021667 0.7494935234375
1 0.26977769375 0.2603609078125 0.26683766875 0.2788369609375 0.28164069375 0.29821651562499996 0.3028329703125 0.2990250765625 0.3180978765625 0.28611001406250003 0.31272374531249997 0.26564309218750004 0.2916485359375 0.2524123296875 0.26977769375 0.2603609078125
1 0.229085325 0.3281491765625 0.20767121249999998 0.319298021875 0.1872957421875 0.3313454109375 0.1829580203125 0.349169709375 0.1962081296875 0.370659428125 0.2276626015625 0.384761409375 0.2517335328125 0.3721649734375 0.2464371734375 0.34814833749999996 0.229085325 0.3281491765625
1 0.21683505468750003 0.45910220625 0.210445803125 0.4776731984375 0.227267546875 0.495156346875 0.2523108375 0.493791953125 0.26407167343750004 0.47648274687500003 0.2519761515625 0.45677616875 0.23429206093750002 0.4496643515625 0.21683505468750003 0.45910220625
1 0.2598188671875 0.523946478125 0.2606984625 0.539100528125 0.27273073124999997 0.5498143890625 0.29202660156250004 0.54860423125 0.2961979953125 0.5368450859375 0.2939057578125 0.52509756875 0.2724274390625 0.5139476546874999 0.2598188671875 0.523946478125
1 0.23647412656250003 0.6531293015624999 0.22394456406250002 0.6410491375 0.2031225875 0.6370100187500001 0.1855707359375 0.6430021375 0.181042571875 0.6539328921875 0.18975185156250002 0.6693364765625 0.21306378750000002 0.6802070109375 0.22828931406250003 0.6816364609375001 0.238855065625 0.6689420625 0.23647412656250003 0.6531293015624999
1 0.082200184375 0.5579399390625001 0.052648875 0.5543679078125 0.043244806250000004 0.57209855 0.0478290328125 0.596352040625 0.061724896875000004 0.6079349109375001 0.098041853125 0.5982180375 0.1008111515625 0.5939356 0.0990547390625 0.5765727984375 0.082200184375 0.5579399390625001
1 0.7894169046874999 0.4312599625 0.7837127421875001 0.4292620953125 0.7776962703125 0.435405996875 0.778110084375 0.4430553828125 0.7885471203125001 0.448420496875 0.7976714406250001 0.4452170921875 0.797938078125 0.44320708125 0.7975548765625 0.435015109375 0.7894169046874999 0.4312599625
1 0.783361346875 0.4748367 0.7919343765625 0.47601730781249996 0.7949087546875 0.47064436875000004 0.793803759375 0.460979684375 0.78035275 0.45603315312500003 0.7780443859374999 0.4673869875 0.783361346875 0.4748367
1 0.218965890625 0.1872442640625 0.244853653125 0.1885166140625 0.25903725781250003 0.16273605156249998 0.24447233437500002 0.1444467734375 0.218965890625 0.1872442640625
1 0.3469535921875 0.1881848265625 0.33218000625 0.177404659375 0.3192251359375 0.18432322343750002 0.32160175468749996 0.19892887343750001 0.3372854640625 0.2035424796875 0.3469535921875 0.1881848265625
1 0.447402115625 0.2829665125 0.46228620937500003 0.290448425 0.475841375 0.27664127656250004 0.468602446875 0.265316215625 0.45791779843749997 0.259254640625 0.4470378484375 0.2698388578125 0.447402115625 0.2829665125
1 0.454526828125 0.41371173125 0.4664270453125 0.42412092812499996 0.475698009375 0.42173068437500005 0.479995903125 0.4077703265625 0.466471496875 0.4020051359375 0.45712471875 0.40466517968750004 0.454526828125 0.41371173125
1 0.5712379390625 0.378507971875 0.5676246390624999 0.36829946874999997 0.557341971875 0.36945420156250003 0.558296909375 0.380176428125 0.5645527343750001 0.3841745328125 0.5712379390625 0.378507971875
1 0.5311300890624999 0.377247365625 0.5238467234375 0.37688364218750003 0.5203106421875 0.38654091562500004 0.52354789375 0.3923243359375 0.53195075625 0.3967943453125 0.5389004749999999 0.39727833125 0.542396878125 0.3871922359375 0.5396309734375 0.38121139375 0.5311300890624999 0.377247365625
1 0.548759671875 0.533084625 0.5440462875 0.522499340625 0.5355613609375001 0.5204753906249999 0.5302351 0.5298271671875 0.538151728125 0.5361754765625 0.548759671875 0.533084625
1 0.5105117953125 0.48295140625000005 0.519076971875 0.48791259374999996 0.5294637875 0.4843014109375 0.53074535625 0.48103547031250005 0.5292493031250001 0.4823101375 0.523831540625 0.4720153234375 0.5119095453125 0.47321764218749995 0.5105117953125 0.48295140625000005
1 0.6866762625 0.6961760953125 0.6979212031250001 0.7024558375 0.7016500531250001 0.6957348234375 0.6929163453125 0.6887244859375 0.6866762625 0.6961760953125
1 0.8154671406249999 0.452448190625 0.8253713171875001 0.45555461093750005 0.8270446671875 0.448283696875 0.8175538984375 0.44472698906249997 0.8154671406249999 0.452448190625
1 0.8078020312499999 0.41938439218749995 0.8166277187500001 0.42236719218749996 0.8185199328125 0.41688960625 0.8083764578125001 0.4124699515625 0.8078020312499999 0.41938439218749995
1 0.140471140625 0.6740823203125 0.1539490328125 0.6815222640624999 0.1582730296875 0.6718944921875 0.1445976109375 0.665233075 0.140471140625 0.6740823203125
0 0.4390625 0.51953125 0.878125 0.8265625