1 0.5019344125 0.30126098125 0.4692378078125 0.2514280984375 0.41015232656249995 0.2329243515625 0.3487984 0.2611022015625 0.3090188875 0.2968820171875 0.2844084578125 0.3473408765625 0.289643965625 0.4225959875 0.32676893125 0.4625830546875 0.38719132031250003 0.4697592609375 0.44755440156250004 0.45788452656249995 0.49538772499999995 0.41042162187500003 0.5058997671875 0.3608138875 0.5019344125 0.30126098125
1 0.562593359375 0.3127960984375 0.5773793406250001 0.28416627499999997 0.5590987328125 0.2562629796875 0.51526325625 0.276231796875 0.5106855375 0.29452833906250003 0.53288215 0.321713075 0.562593359375 0.3127960984375
1 0.3014206578125 0.256907028125 0.319171696875 0.2642748640625 0.340548465625 0.25523743125 0.347830159375 0.23045237031250002 0.3363144890625 0.21471634062499997 0.30642623750000003 0.21609775 0.2970689484375 0.24320654375 0.3014206578125 0.256907028125
1 0.5468319546875 0.354899421875 0.5463618046875001 0.378225984375 0.581371059375 0.400455615625 0.608842965625 0.3853406578125 0.61974881875 0.362980346875 0.6212697265625 0.33112638437499997 0.5933219984375 0.312307859375 0.5563344203125 0.331032353125 0.5468319546875 0.354899421875
1 0.585184375 0.2659643875 0.6049179890625 0.2729136546875 0.6246645921875 0.26240314374999996 0.6355117546875 0.2420985984375 0.6177330734375001 0.223566921875 0.5854429234375 0.2357077640625 0.5868341203125 0.242001459375 0.585184375 0.2659643875
1 0.637477528125 0.3393165609375 0.6299427140625 0.3652906890625 0.6208616515625 0.3874597 0.6272854640625 0.41470845 0.66234024375 0.4429005359375 0.69406805625 0.41915948125 0.7106133765625 0.383985465625 0.708138459375 0.3502834375 0.670911534375 0.332126653125 0.637477528125 0.3393165609375
1 0.7177408109375001 0.350573778125 0.7413776453125 0.3625229359375 0.7507488296875 0.3534033484375 0.76028046875 0.331148134375 0.7516967078125 0.307518834375 0.7242812171875 0.3162377703125 0.717771915625 0.33069945 0.7177408109375001 0.350573778125
1 0.77510454375 0.3260788515625 0.7663988671874999 0.340962609375 0.7673869796874999 0.356480315625 0.79170023125 0.3656632203125 0.8007004515625 0.3557038328125 0.8084204265625001 0.34078088125 0.7996874375 0.320230590625 0.775682790625 0.3232786265625 0.77510454375 0.3260788515625
1 0.787032153125 0.3657281265625 0.7964515328124999 0.3906880953125 0.815795265625 0.4001226640625 0.8284965 0.3813204328125 0.8162669171875001 0.3538494203125 0.80195643125 0.365646625 0.8025290984375 0.365823365625 0.787032153125 0.3657281265625
1 0.891696125 0.5162688453125 0.9005210640625 0.4696889015625 0.875331309375 0.42413623906250003 0.839705584375 0.40883784843750004 0.7953825296875 0.4076397734375 0.7590127828125001 0.4298452109375 0.7358832390625001 0.460476240625 0.725840575 0.50233868125 0.7444854890625 0.5309029468750001 0.7751919296875001 0.5661427406249999 0.8167257515624999 0.5784346046875 0.8447094312500001 0.5729811734375 0.864256671875 0.5574901484375 0.891696125 0.5162688453125
1 0.5273404515625 0.4427176359375 0.5311071203125 0.45902554218749997 0.5366773203124999 0.47709621718750006 0.5494615453125 0.498169090625 0.5775876359375001 0.48377304062500004 0.5908556703125 0.45385351875 0.5718907171875001 0.42954184375000004 0.5455171265625001 0.438755040625 0.5273404515625 0.4427176359375
1 0.5840428171875 0.441716775 0.6094227484375 0.458086853125 0.622675090625 0.43571667812500003 0.62846166875 0.41464933125 0.6134066218750001 0.3907721859375 0.5849730281250001 0.40063043125000003 0.5755978703125 0.423234903125 0.5840428171875 0.441716775
1 0.6811458671875 0.482020765625 0.633164809375 0.4624955625 0.5817246953125 0.496398784375 0.5697863671875 0.5183702593749999 0.5603766125 0.5368290609375 0.55749488125 0.5663903875 0.5592002703125 0.6019909718750001 0.60308711875 0.6264852265624999 0.6619974609375 0.6149015453125 0.6924217015624999 0.5610164078125 0.694757415625 0.5219350515625 0.6811458671875 0.482020765625
1 0.703860775 0.5888963328125 0.6980259375 0.6111640031250001 0.7051182421875 0.6419288375 0.7396691609375 0.6551679671875 0.761641559375 0.641266565625 0.777881703125 0.6079550796875 0.7605790906250001 0.5700981406250001 0.7221612640624999 0.564894275 0.703860775 0.5888963328125
1 0.414407090625 0.5314853562499999 0.433314203125 0.5752984609375 0.4785366046875 0.5993106453125 0.5136143734374999 0.58065949375 0.53770105625 0.521946621875 0.5161962640625 0.4812995671875 0.468602584375 0.46512900156250003 0.43207777031249994 0.48599496093749994 0.414407090625 0.5314853562499999
1 0.7560699890625 0.8173442609375 0.7663383171875 0.7563456109375 0.7551346624999999 0.704508321875 0.73005873125 0.664332540625 0.6818052781249999 0.6426248609375 0.636331003125 0.648199778125 0.6375240703125 0.6512676453124999 0.6032994656249999 0.6737370406250001 0.588535034375 0.710078665625 0.578894625 0.77246314375 0.591530884375 0.8305413093749999 0.6176593765625 0.8783858796875 0.6722751078125 0.8982872953125 0.72162143125 0.862453659375 0.7560699890625 0.8173442609375
1 0.2379917953125 0.44413803749999997 0.230033203125 0.42763877031249997 0.21751531562499998 0.4239009171875 0.1980502328125 0.43819099531249994 0.199934303125 0.45485149687500004 0.2162867375 0.4628271125 0.231326571875 0.4661015328125 0.2379917953125 0.44413803749999997
1 0.171766878125 0.49283193125 0.17945565624999998 0.5278878359375 0.20485943906249998 0.5485895734375 0.23798362343749999 0.5282658812500001 0.24400459218749998 0.48441237656249997 0.2097139328125 0.471416659375 0.188857446875 0.474539865625 0.171766878125 0.49283193125
1 0.2816496140625 0.5978918546875 0.30305671875 0.582223159375 0.3011979046875 0.538222353125 0.26345884375 0.5358754968749999 0.24654641875 0.5606101875 0.254706371875 0.5822926015625 0.2816496140625 0.5978918546875
1 0.41172365624999996 0.5436703328125 0.396289196875 0.5273076890625 0.3699553296875 0.5365904515625 0.3502222640625 0.5716337078125 0.3804493015625 0.5990061890625 0.4001663390625 0.5948509046875 0.4163611359375 0.5727424125 0.41172365624999996 0.5436703328125
1 0.389070796875 0.641199575 0.40970795000000004 0.6512649875000001 0.44065818749999996 0.6394476296875 0.4426587015625 0.6089627875 0.4272669359375 0.5952286265625 0.397524084375 0.5960481609375 0.384645621875 0.6140981296875 0.389070796875 0.641199575
1 0.30152642812499997 0.63523284375 0.29871913125 0.661358809375 0.3341583 0.678643646875 0.36362431562499997 0.664704678125 0.37751431874999997 0.635780409375 0.3575909734375 0.6093097937499999 0.32493064843749997 0.59773334375 0.3138134359375 0.610849846875 0.30152642812499997 0.63523284375
1 0.14463268125 0.5681225671875 0.149707784375 0.5911184125 0.17413007656249999 0.6082400671875 0.20232545468750002 0.6043414859375 0.21630133125 0.5713702875 0.20508615937500002 0.545786525 0.173712890625 0.5378800859374999 0.1510792953125 0.5488635078125 0.14463268125 0.5681225671875
1 0.1707790328125 0.63322465625 0.1475047546875 0.6605881015625 0.14172199375 0.6936629812499999 0.1487777484375 0.7489932765625 0.19415168124999999 0.7853232046875 0.247381540625 0.768719425 0.2867345140625 0.7135687421875 0.27741726718750004 0.6433426578125 0.22879579218749999 0.6154248296875 0.1707790328125 0.63322465625
1 0.2999887421875 0.7258257453125 0.32297285 0.7197731296875001 0.33291977031250003 0.6906641312499999 0.30470644999999996 0.679422575 0.2903081265625 0.689186425 0.2910393484375 0.7046605453125 0.2999887421875 0.7258257453125
1 0.336312384375 0.7710771296875001 0.36508735312499996 0.8073115046874999 0.4068294328125 0.8079843765625 0.4476321578125 0.7705914109374999 0.4555364703125 0.7198004625000001 0.427957096875 0.6853313562500001 0.3805829421875 0.676256390625 0.3403552484375 0.7238441453125 0.336312384375 0.7710771296875001
1 0.42329330781249996 0.819253059375 0.43265559531250003 0.8595390890625 0.4630423265625 0.8970811062499999 0.506640715625 0.8765968125000001 0.5295791703125 0.8295660093749999 0.5314156078125001 0.7942065234375 0.48546552031249995 0.7677619859375 0.44072734999999996 0.7961791765624999 0.42329330781249996 0.819253059375
1 0.522755134375 0.8576043875 0.519850753125 0.8805468546874999 0.529098903125 0.8931047203125001 0.5551460406250001 0.88862775 0.5714293265625 0.867980984375 0.5648871546875001 0.8497752437500001 0.5442260828125 0.8401188671875 0.5223528390625 0.8533749937499999 0.522755134375 0.8576043875
1 0.5959057890625 0.9768978578124999 0.6352564265625 0.997326478125 0.671759921875 0.967425875 0.666574996875 0.9260672109374999 0.638012028125 0.908848728125 0.60552051875 0.925230509375 0.5899129015625 0.9538055453125001 0.5959057890625 0.9768978578124999
1 0.33810622343749996 0.901311140625 0.3749036515625 0.9268641234375 0.401859378125 0.9104978046875001 0.4124694390625 0.87536345625 0.384034909375 0.8557216499999999 0.35537530781250004 0.8571181953125 0.3424166859375 0.8802904968749999 0.33810622343749996 0.901311140625
1 0.4658989375 0.8931025874999999 0.42764845625000003 0.88715284375 0.4161874484375 0.914158696875 0.43022870312499994 0.9373449375 0.463033271875 0.92563926875 0.4658989375 0.8931025874999999
1 0.22431990468750002 0.8272803312500001 0.2369725015625 0.8595228078125 0.2745098453125 0.87230970625 0.3008325859375 0.8498630374999999 0.2976012609375 0.8086905546875001 0.260322203125 0.784681090625 0.23986437968750002 0.7972628859374999 0.22431990468750002 0.8272803312500001
1 0.3401823578125 0.7885775749999999 0.3035474375 0.7744715171875 0.2949209578125 0.805888225 0.3145726140625 0.8281931468750001 0.3437337234375 0.821954525 0.3401823578125 0.7885775749999999
1 0.328236790625 0.8748608656249999 0.3482242828125 0.8549064234375001 0.3387232875 0.83357475625 0.318313759375 0.8337248468749999 0.31512045781250003 0.830883734375 0.3049153140625 0.851807378125 0.30934565625 0.8647656546875 0.328236790625 0.8748608656249999
1 0.1308497375 0.8009850984375 0.1546888359375 0.7731443875 0.155032209375 0.7724717015625 0.15590375625 0.741582746875 0.13350425 0.731662596875 0.1073500015625 0.7466066296875 0.1063881171875 0.780796775 0.1308497375 0.8009850984375
1 0.098811884375 0.7380214578125 0.12101828750000002 0.7217012796875 0.11407689531250001 0.6932717609375 0.08319984687500001 0.6809083390625 0.07279003125 0.70623298125 0.07811303281250001 0.7283605625 0.098811884375 0.7380214578125
1 0.6448397531250001 0.30640010625 0.6630708234375 0.28782984843750004 0.6477713406250001 0.26545545000000004 0.6249308078125 0.267856090625 0.6201329921875 0.294445428125 0.6448397531250001 0.30640010625
1 0.5394778734375001 0.211714084375 0.5143829515625 0.20411958593750001 0.4983625265625 0.22499017187499998 0.5139338765625 0.24637587500000002 0.5375078453125 0.23225253124999998 0.5394778734375001 0.211714084375
1 0.44294913593749996 0.1739501765625 0.44793730312499996 0.14993964843750002 0.4327840453125 0.1341018296875 0.4133219859375 0.143066571875 0.405366096875 0.15702610156250002 0.4171033421875 0.168657959375 0.44294913593749996 0.1739501765625
1 0.8070309375000001 0.6769660187500001 0.82268418125 0.6601737875 0.8328749406249999 0.639279634375 0.8094386734375 0.6283235984375 0.7930870296875 0.6426768984375 0.7917210671875 0.659136053125 0.8070309375000001 0.6769660187500001
1 0.7160695875 0.395032875 0.7294203625 0.41828392656249996 0.75068324375 0.40513864218749995 0.7531481906249999 0.3766100671875 0.7264241328125001 0.3693474953125 0.7183807078125 0.3858389625 0.7160695875 0.395032875
1 0.5777015578125 0.22217418125 0.5875600359375001 0.20648800781249999 0.580270040625 0.1911771046875 0.558518784375 0.1982378171875 0.549044415625 0.218789478125 0.557331571875 0.23445112968749998 0.5777015578125 0.22217418125
1 0.6710020078125 0.29425191562499997 0.6880269890624999 0.30126563125 0.7042063093750001 0.2680931078125 0.6803168796875 0.25341830625 0.669859775 0.2543208703125 0.6598445390625 0.2690631078125 0.6710020078125 0.29425191562499997
1 0.5803261 0.9505570078125001 0.5937794765625 0.9307152249999999 0.5851975171875 0.9127245671875001 0.5536623546875 0.9103682375 0.547521196875 0.9284307249999999 0.5574207875 0.9521993859375 0.5803261 0.9505570078125001
0 0.50625 0.528125 0.975 0.94375