1 0.40498969687499997 0.6745679859375 0.41046396406249996 0.7339179359375 0.45394636562499996 0.777994728125 0.521347365625 0.7819190875 0.573268196875 0.7690027359375 0.618686915625 0.7360041046875 0.6493943718749999 0.6670998640625 0.6353877640625 0.6143642625 0.5854069859375 0.5796614546875001 0.526534696875 0.5618074734375 0.46201789687500006 0.581258346875 0.4294468921875 0.6201242703125 0.40498969687499997 0.6745679859375
1 0.3568464359375 0.63590543125 0.3303503015625 0.6542424687499999 0.333391315625 0.6874618406249999 0.3814705359375 0.6904099312499999 0.394102128125 0.676404153125 0.38726614375 0.6419807765625001 0.3568464359375 0.63590543125
1 0.5612099140625 0.8078657078125 0.5489956671875 0.7930266859375 0.5258782828124999 0.79097048125 0.5078130468750001 0.80943584375 0.5105931625 0.8287362125 0.5376314546875001 0.8415481843749999 0.5586202578125 0.822005521875 0.5612099140625 0.8078657078125
1 0.39052924375 0.606129934375 0.40189551874999996 0.585754525 0.3814203609375 0.5496910765624999 0.3500680640625 0.5501395125 0.3299412390625 0.5647625078125 0.3136438265625 0.592173865625 0.32948544375 0.6219102999999999 0.370934153125 0.62274216875 0.39052924375 0.606129934375
1 0.3149135953125 0.6666495390625 0.3007523328125 0.6512493296875 0.27838273125 0.651259090625 0.2592728484375 0.66409450625 0.266270396875 0.688803590625 0.3004806875 0.6932431703125 0.30220704375 0.6870330390625 0.3149135953125 0.6666495390625
1 0.3031782421875 0.577333265625 0.322025203125 0.557936853125 0.340451025 0.542626078125 0.3475716484375 0.5155510640625 0.329855496875 0.47420170625 0.29069575312499996 0.4802685078125 0.2595739015625 0.5035577625000001 0.2459369796875 0.5344767906250001 0.27028230937500003 0.5679852624999999 0.3031782421875 0.577333265625
1 0.2375949140625 0.5297124046875 0.22233461562499998 0.5080651031250001 0.20977896562499998 0.511717715625 0.1909148359375 0.5268930703125 0.1874005640625 0.5517863359375 0.2157002984375 0.556958765625 0.22823701875000002 0.547245790625 0.2375949140625 0.5297124046875
1 0.175446071875 0.5244095 0.190120228125 0.5153549890625 0.1965328984375 0.5011897765625 0.1793766859375 0.4816673734375 0.1667543125 0.4862356421875 0.152932078125 0.49578751875 0.15099507343750002 0.5180322375 0.173620884375 0.52661048125 0.175446071875 0.5244095
1 0.183528825 0.48380159375 0.1869300015625 0.45734111874999994 0.1742797609375 0.43992955624999996 0.154238125 0.4505680734375 0.1521393453125 0.48056497968749995 0.17031320781249998 0.47686703125 0.169890546875 0.476442128125 0.183528825 0.48380159375
1 0.161790609375 0.3017452703125 0.1321306921875 0.3387298609375 0.1329862453125 0.39077634843750003 0.15725973437500002 0.421009290625 0.19583220625 0.44287554218749997 0.2383696078125 0.44034386562499994 0.27317218125 0.424156934375 0.3016925515625 0.39190933906250003 0.2986401796875 0.3579353328125 0.288072084375 0.312404640625 0.2571705765625 0.2820526203125 0.22990222343750003 0.2737301734375 0.2053704375 0.2782310640625 0.161790609375 0.3017452703125
1 0.4489673734375 0.5377417609374999 0.45329769999999997 0.521574390625 0.4568631734375 0.50300388125 0.4554684875 0.4783958078125 0.42387608749999994 0.477902365625 0.39811474375 0.49809077031250004 0.40344616406249995 0.5284602125 0.4310579953125 0.5327070921875 0.4489673734375 0.5377417609374999
1 0.3984322796875 0.5120053203125 0.3837084171875 0.48563624375 0.36150513281249996 0.4991663375 0.34650536718749997 0.5150510671874999 0.34858854375 0.5432012515625 0.3783220828125 0.5478457015625 0.3972120125 0.5322885078125 0.3984322796875 0.5120053203125
1 0.331616953125 0.4308318875 0.3648151859375 0.47059736093750004 0.426150709375 0.464812265625 0.447006609375 0.45101730937499995 0.4639808109375 0.4391367671875 0.48040343124999996 0.41438855625000004 0.49561112500000004 0.38215447343750003 0.46836069374999995 0.33992370312500003 0.410907740625 0.32249475625 0.358747190625 0.3557891921875 0.33833729218749997 0.3891994296875 0.331616953125 0.4308318875
1 0.3617359203125 0.3258023609375 0.3773418140625 0.30888046406249997 0.3855228953125 0.2783870921875 0.3612316390625 0.2504769609375 0.33530485 0.2524357546875 0.305326859375 0.2742237640625 0.302831403125 0.3157725421875 0.33430926250000004 0.338403359375 0.3617359203125 0.3258023609375
1 0.5903555328125 0.5123835171875 0.59423055 0.46482249062500003 0.5655745765625 0.4223903578125 0.5258465609375 0.4223903328125 0.4770152578125 0.462922709375 0.4769202265625 0.5089078171875 0.5113513296875001 0.5455294578125 0.5533968015624999 0.5442532703125 0.5903555328125 0.5123835171875
1 0.422887725 0.0995840703125 0.3851841984375 0.1486219953125 0.37074030625 0.1996514015625 0.3740196515625 0.24689694687500002 0.406433784375 0.2887173140625 0.44920245000000003 0.30514383437500003 0.44958931093750004 0.30187495625 0.4903565859375 0.2981031375 0.5204541640625 0.2729468671875 0.5582538796875001 0.2223905390625 0.5743627703125 0.16517819843749998 0.573754346875 0.11066736562499999 0.5348746671875 0.06745492656249999 0.4744815765625 0.075927453125 0.422887725 0.0995840703125
1 0.7051139109375 0.6723285875 0.70439499375 0.6906329078125 0.7136928171875 0.699810028125 0.7375882500000001 0.696330940625 0.7437463453125 0.6807360734375 0.733052328125 0.6660170203125 0.7213101890625 0.6560651046875 0.7051139109375 0.6723285875
1 0.786447440625 0.6604251453125001 0.796116403125 0.62586295625 0.7834050703125001 0.5956580546875 0.74461675625 0.598051946875 0.7187125828125 0.63394561875 0.74288831875 0.6615186453125 0.762769759375 0.6685525453125 0.786447440625 0.6604251453125001
1 0.7387493890625 0.5160759203125 0.7124920296874999 0.5198605296875 0.6934761390624999 0.5595835953125 0.72569596875 0.5793731625 0.7522409890625 0.5654736296875 0.7552154546875001 0.542498328125 0.7387493890625 0.5160759203125
1 0.5984453640625 0.5028846171875 0.6043913875 0.5245780140625 0.6320008046875001 0.5287448234375 0.6658758796875001 0.507067578125 0.6520375921875 0.468708378125 0.63267769375 0.4631206859375 0.607999228125 0.47503832968750004 0.5984453640625 0.5028846171875
1 0.6642338578125 0.42740628125 0.6507377578125 0.4088304921875 0.61786240625 0.40473434375000006 0.601784290625 0.43071167812500005 0.6089266171875 0.45006421874999997 0.63557274375 0.4633040359375 0.6554176968750001 0.45341293125000004 0.6642338578125 0.42740628125
1 0.7387297375 0.47377418281250006 0.75347383125 0.45202427187499994 0.7302976421875 0.420124984375 0.6977367453125 0.41859890625 0.671893478125 0.4376165578125 0.677057546875 0.47034216874999996 0.7004600875 0.49589666093749996 0.7164338296875 0.48953469062500005 0.7387297375 0.47377418281250006
1 0.8457523265625 0.60668619375 0.852067171875 0.5839994500000001 0.8385416984375 0.55741635625 0.8118163828125 0.5476216703125 0.7839973765625 0.570172234375 0.7818889375 0.598026559375 0.8058780406249999 0.6197363890625 0.8310187234375 0.62066443125 0.8457523265625 0.60668619375
1 0.853230046875 0.53692949375 0.886626375 0.523695615625 0.907259965625 0.497207071875 0.927006103125 0.4450408453125 0.9039991671875001 0.3916616515625 0.8492049890625 0.3813320140625 0.7885666984374999 0.411552075 0.7638241890625 0.47793220937500003 0.793647778125 0.5254085875000001 0.853230046875 0.53692949375
1 0.782618225 0.3945073 0.75948293125 0.3890610578125 0.737034475 0.41009298125000004 0.7566677671875001 0.43326403750000003 0.7739645828125 0.4314026734375 0.7805836109375 0.41739654843749996 0.782618225 0.3945073
1 0.7717905890625001 0.33749978281250004 0.763394809375 0.2919976984375 0.726854634375 0.27180686875000004 0.6732730328125001 0.28566717812500003 0.6424490328125 0.3268020734375 0.650617909375 0.37018421875 0.6881863671875 0.4004377578125 0.746046409375 0.377306021875 0.7717905890625001 0.33749978281250004
1 0.7176082218750001 0.2541278890625 0.728254959375 0.214162109375 0.7190499765625 0.1667487703125 0.670938090625 0.16436712343749998 0.6286050125 0.19512390468750002 0.6103832609375 0.2254823234375 0.638539821875 0.27040372343749997 0.6913823453125 0.2663161328125 0.7176082218750001 0.2541278890625
1 0.6477935 0.173571178125 0.6611287515625001 0.15467770625 0.65885868125 0.1392480265625 0.6337586140625 0.13097256562499998 0.60968825625 0.1415580375 0.6069175734375001 0.1607041171875 0.6206268234375 0.1789299765625 0.646163125 0.177494378125 0.6477935 0.173571178125
1 0.601008640625 0 0.567788146875 0.00665105 0.552949446875 0.0456027578125 0.5700854640624999 0.0742152765625 0.60646454375 0.0750048625 0.63366041875 0.0571019359375 0.6392101984375 0.03389914375 0.615855975 0 0.601008640625 0
1 0.8313478890624999 0.22166781875 0.8108540859375 0.181830528125 0.7793700718750001 0.18362618125000002 0.7535073671875 0.2096668484375 0.7693922953125 0.24035873749999997 0.7953528609375 0.2525805296875 0.81767338125 0.23820430468749998 0.8313478890624999 0.22166781875
1 0.7146599375 0.1689204953125 0.745639871875 0.1921313203125 0.768437821875 0.1736671859375 0.7669254109375 0.1466029796875 0.732465215625 0.141537659375 0.7146599375 0.1689204953125
1 0.8970598859375001 0.3404525859375 0.90102523125 0.306044134375 0.8738848078125001 0.27713125625 0.8401051359375 0.2845927109375 0.8236289171875001 0.3224628703125 0.845272609375 0.361163425 0.8692425921875 0.35965872656250003 0.8970598859375001 0.3404525859375
1 0.7765895671874999 0.3202309625 0.8023138890625001 0.34988492656250003 0.82467986875 0.32619550625 0.8178000140625 0.2972755359375 0.7891234265625 0.2890936 0.7765895671874999 0.3202309625
1 0.8276444296875001 0.24965544374999998 0.8006284765625 0.2578906109375 0.7990027468750001 0.2811858015625 0.8170937531250001 0.2906349734375 0.8185794515625 0.29464269062500004 0.8374131140625 0.280959234375 0.8395848953125 0.267437834375 0.8276444296875001 0.24965544374999998
1 0.9672442796875 0.4075514828125 0.9331251828125 0.42094159218750005 0.9325061953124999 0.421374334375 0.91723518125 0.448238496875 0.9323555421874999 0.46751339999999997 0.9624641703125001 0.46659727812499996 0.979364765625 0.43686074843749995 0.9672442796875 0.4075514828125
1 0.9659723859374999 0.47818593906249995 0.9387034359375 0.4821705265625 0.9314854718750001 0.5105310859375 0.9529440125 0.5359432359375 0.974024534375 0.5184700171875 0.9797128718750001 0.49643352500000004 0.9659723859374999 0.47818593906249995
1 0.2812244453125 0.602940415625 0.25640915625 0.6107780093749999 0.2594136546875 0.6377161046875 0.2807076796875 0.6463194437500001 0.2974268375 0.625094890625 0.2812244453125 0.602940415625
1 0.3298010671875 0.736007615625 0.3483931671875 0.7544945125 0.372336509375 0.7435880125 0.368627803125 0.7173952515625001 0.34118271718750004 0.7187981171875 0.3298010671875 0.736007615625
1 0.397301803125 0.8146686656250001 0.381625253125 0.8335269000000001 0.387569378125 0.8546248875 0.40896204999999997 0.8558463749999999 0.42254028593750004 0.8472559046875 0.4176377390625 0.8314752796875 0.397301803125 0.8146686656250001
1 0.3119882859375 0.1996059859375 0.2902838171875 0.20708389375 0.27147670156250003 0.2207480640625 0.28702614843749996 0.2414243296875 0.308202259375 0.23642775 0.3171354375 0.22253645937500002 0.3119882859375 0.1996059859375
1 0.259942796875 0.49124194374999997 0.2590704703125 0.4644446734375 0.2341251234375 0.466068953125 0.21855535 0.4901009671875 0.23874172031250002 0.509059621875 0.25358591875 0.49827468125 0.259942796875 0.49124194374999997
1 0.300962275 0.7088269656249999 0.28489354375 0.7180487609374999 0.28414219375 0.73498993125 0.30666221718750003 0.7389672890625001 0.3246760078125 0.7252691953125 0.32471158437500003 0.7075501937500001 0.300962275 0.7088269656249999
1 0.2524213140625 0.601384196875 0.2406818875 0.587198709375 0.21082284062499998 0.6088925765625001 0.22502655312500003 0.633065065625 0.23468335625 0.6371774625 0.2504473453125 0.6288627078125 0.2524213140625 0.601384196875
1 0.6405999671875 0.0644709546875 0.6194061859375 0.07567423125 0.6185375046875 0.0955880265625 0.6452751703125 0.11247340312500001 0.6591773140625 0.099408271875 0.66159520625 0.0737742140625 0.6405999671875 0.0644709546875
0 0.5 0.4765625 1 0.953125