1 0.23930625 0.40115937500000004 0.23930625 0.45730000000000004 0.2770015625 0.5226437500000001 0.3278984375 0.542309375 0.3853515625 0.522271875 0.4344 0.4851375 0.4565859375 0.421509375 0.4442875 0.3723140625 0.41461718750000004 0.3205265625 0.363384375 0.29007031250000004 0.3021671875 0.299340625 0.259375 0.3515625 0.23930625 0.40115937500000004
1 0.41953125 0.3106390625 0.45139843749999997 0.3253421875 0.47419374999999997 0.304303125 0.47493281249999997 0.2720890625 0.4462703125 0.2550234375 0.415625 0.2921875 0.41953125 0.3106390625
1 0.20503593750000002 0.3581546875 0.214953125 0.36856093749999996 0.23413750000000003 0.3674015625 0.2493890625 0.3499078125 0.24506875 0.3244390625 0.2278203125 0.31534375 0.2015625 0.3296875 0.20503593750000002 0.3581546875
1 0.478484375 0.3490546875 0.48828750000000004 0.37022656249999997 0.5294984375 0.374859375 0.5475640625 0.34923125 0.5475640625 0.324353125 0.5349671875 0.29505625 0.5015984375 0.29039375 0.4765625 0.3234375 0.478484375 0.3490546875
1 0.464946875 0.23004687499999998 0.47396874999999994 0.2523078125 0.4947515625 0.24990312499999998 0.5078921875 0.2318 0.508740625 0.2087953125 0.4846375 0.1999328125 0.4609375 0.225 0.464946875 0.23004687499999998
1 0.5577390624999999 0.3219609375 0.5592953125 0.3458671875 0.5770140625 0.3675421875 0.6208796875 0.3775140625 0.6389890625 0.34226718749999996 0.638440625 0.3034 0.6214421875 0.27419375 0.5800234375 0.27419375 0.553125 0.2953125 0.5577390624999999 0.3219609375
1 0.621515625 0.25236875 0.6302 0.2702453125 0.6566828124999999 0.2706234375 0.6611078125 0.25831875000000004 0.65991875 0.23413750000000003 0.6418453125 0.21666249999999998 0.6210265625 0.2365171875 0.621515625 0.25236875
1 0.6710203124999999 0.2230828125 0.6697203125 0.24027656249999998 0.6774109375 0.253790625 0.7032890625 0.2513859375 0.7070125 0.23848906250000002 0.707409375 0.22169218750000003 0.6905515624999999 0.20705 0.6703125 0.2203125 0.6710203124999999 0.2230828125
1 0.7130921875 0.2467828125 0.699121875 0.253490625 0.7185296875 0.2717953125 0.7400515624999999 0.2717953125 0.743225 0.24932812499999998 0.7201906250000001 0.2299984375 0.7125 0.246875 0.7130921875 0.2467828125
1 0.7020453125 0.3234015625 0.694684375 0.36107187500000004 0.7040093749999999 0.40309999999999996 0.7332890625 0.42060000000000003 0.7763359375000001 0.43881249999999994 0.8190546875000001 0.43165312499999997 0.841815625 0.41448437499999996 0.8525937499999999 0.3919921875 0.8591859375 0.3429140625 0.8466984375 0.2971796875 0.8040890624999999 0.2672796875 0.7653625 0.269146875 0.725 0.2875 0.7020453125 0.3234015625
1 0.49946250000000003 0.43652968750000004 0.509996875 0.4495359375 0.5229250000000001 0.4633359375 0.543653125 0.47667187499999997 0.5626218749999999 0.451403125 0.5614312499999999 0.41869531249999997 0.533728125 0.4051578125 0.5140625 0.425 0.49946250000000003 0.43652968750000004
1 0.5342953125000001 0.3978640625 0.5499875000000001 0.41077343749999995 0.579975 0.41436093749999997 0.5820796875 0.3884453125 0.5780453125 0.3669734375 0.5540468749999999 0.3521125 0.5328125 0.3734375 0.5342953125000001 0.3978640625
1 0.5707765625000001 0.48591875 0.5704109374999999 0.506634375 0.5807796875 0.5344671875 0.59791875 0.5657171875 0.6481015625000001 0.56849375 0.695971875 0.5322578124999999 0.6996953125 0.4704890625 0.6846625000000001 0.4343390625 0.65493125 0.40443125 0.603246875 0.40791562499999995 0.571875 0.4609375 0.5707765625000001 0.48591875
1 0.7221984375 0.49053281249999997 0.726715625 0.5131046875 0.7465765625 0.537646875 0.783434375 0.5344 0.7970890625 0.5122734375 0.7970828125 0.4752140625 0.7649359375 0.4487734375 0.728125 0.4609375 0.7221984375 0.49053281249999997
1 0.436871875 0.5658203125 0.47307187500000003 0.5969109375 0.52424375 0.5986687500000001 0.5475953125 0.5665281249999999 0.54350625 0.5031984375 0.506359375 0.47609218750000004 0.45649375000000003 0.482421875 0.4328125 0.5171875 0.436871875 0.5658203125
1 0.6899171875000001 0.575671875 0.66900625 0.6108703125 0.6716671875 0.65000625 0.69035 0.710303125 0.7271671875 0.7569640625 0.771625 0.7885125000000001 0.8294375 0.7824578125 0.85808125 0.72861875 0.86926875 0.6729734374999999 0.8517578125 0.6136468749999999 0.8189640624999999 0.5719671875000001 0.7788140625 0.54685 0.725928125 0.5484921875000001 0.6875 0.5734375 0.6899171875000001 0.575671875
1 0.24365781250000002 0.5873109375000001 0.2400203125 0.5646484375 0.225634375 0.5533078125 0.2127448046875 0.5554357328124999 0.20151406249999998 0.5768125000000001 0.2105109375 0.5909609375 0.2287046875 0.5909609375 0.24365781250000002 0.5873109375000001
1 0.20918593749999997 0.6135125 0.20184375000000002 0.6374453124999999 0.22412187499999997 0.6655828125000001 0.2560296875 0.673053125 0.2768921875 0.640265625 0.2630796875 0.5982109375 0.2265625 0.6015625 0.20918593749999997 0.6135125
1 0.29876718750000003 0.6655828125000001 0.31560625 0.68149375 0.3466609375 0.683703125 0.3590328125 0.6602359375 0.33807343749999996 0.621503125 0.303125 0.6359375 0.29876718750000003 0.6655828125000001
1 0.4567140625 0.6020453125 0.4398015625 0.5779484375 0.41875625000000005 0.5700078125 0.3991568234375 0.5898951109375 0.3967828125 0.6300421875 0.43594999999999995 0.64139375 0.45185000000000003 0.629015625 0.4567140625 0.6020453125
1 0.4463375 0.65311875 0.4621953125 0.6755375 0.48515625 0.6755375 0.50779375 0.6513484375 0.496228125 0.623071875 0.47637343750000005 0.617475 0.45 0.63125 0.4463375 0.65311875
1 0.38089531249999997 0.7085515625000001 0.389825 0.7332640625 0.4292546875 0.7332640625 0.449628125 0.70781875 0.4494328125 0.6757328125 0.419921875 0.660675 0.3854921875 0.6645875 0.38125 0.68125 0.38089531249999997 0.7085515625000001
1 0.2104609375 0.7170109375 0.22510312500000002 0.7354546875 0.25455937500000003 0.7401375 0.2781921875 0.7242734375000001 0.2763 0.6885125000000001 0.2550046875 0.6704343749999999 0.223340625 0.67708125 0.2078125 0.696875 0.2104609375 0.7170109375
1 0.2535765625 0.7988593749999999 0.26287812499999996 0.831121875 0.29347500000000004 0.8777593749999999 0.3501828125 0.8905218749999999 0.390746875 0.8522640625 0.40194062500000005 0.78544375 0.36278125 0.726409375 0.3068421875 0.72263125 0.2625 0.7640625 0.2535765625 0.7988593749999999
1 0.3944640625 0.7619625 0.40190468749999997 0.77555 0.4192265625 0.7906500000000001 0.43723124999999996 0.775134375 0.4334109375 0.7446109375 0.403125 0.746875 0.3944640625 0.7619625
1 0.4717109375 0.8153984375000001 0.5134578125 0.8353515625 0.5512703125 0.8176578125 0.5715515625 0.7661625 0.5563906249999999 0.7170468750000001 0.5164921875 0.69815625 0.46993437499999996 0.7107671875 0.45463906249999997 0.7711734375 0.4717109375 0.8153984375000001
1 0.5710078125 0.82056875 0.5970828125 0.8526734375 0.6408515625 0.8730953124999999 0.6710578125 0.835571875 0.6710578125 0.7832453125 0.6572078125 0.750659375 0.604315625 0.7470343749999999 0.5765625 0.7921875 0.5710078125 0.82056875
1 0.677215625 0.8114375 0.6846625000000001 0.83333125 0.6984796875 0.8405640625 0.719928125 0.825121875 0.7255125 0.7994265625 0.7116515625 0.78593125 0.6888484375 0.786309375 0.675 0.8078125 0.677215625 0.8114375
1 0.7797484375 0.8684625 0.7952578124999999 0.886590625 0.83958125 0.8877015625 0.8592828125 0.8448249999999999 0.8364921875 0.809925 0.8032718750000001 0.8069703125000001 0.78125 0.8359375 0.7797484375 0.8684625
1 0.5250734375 0.9108828125 0.5304140625 0.9316656249999999 0.5746890625 0.9385015624999999 0.5917421875 0.911975 0.5858765625 0.8757453125 0.551709375 0.8705562499999999 0.5265625 0.884375 0.5250734375 0.9108828125
1 0.606225 0.908984375 0.629009375 0.92366875 0.6533625 0.8987671875000001 0.641675 0.8682671875000001 0.6046875 0.8796875 0.606225 0.908984375
1 0.396503125 0.8812140625 0.39569062499999996 0.9150078125000001 0.42119687499999997 0.9384406249999999 0.460540625 0.933478125 0.47435937499999997 0.9017640625000001 0.45340625 0.8661749999999999 0.409375 0.8609375 0.396503125 0.8812140625
1 0.44976874999999994 0.8648312499999999 0.477209375 0.8762640625 0.500684375 0.8578734375 0.48286093750000003 0.8294312500000001 0.44375 0.8328125 0.44976874999999994 0.8648312499999999
1 0.48854375 0.9114265625 0.5099484375000001 0.9122187500000001 0.5191656250000001 0.885521875 0.5012749999999999 0.8705140625000001 0.4829968328125 0.8795959109375 0.47888125 0.8784421874999999 0.47888125 0.901721875 0.48854375 0.9114265625
1 0.2693171875 0.9249265624999999 0.300153125 0.9323484375 0.309375 0.896875 0.3093887359375 0.8961198687499999 0.29663125 0.867975 0.27215 0.868878125 0.25519375 0.893775 0.2693171875 0.9249265624999999
1 0.20643281249999998 0.8726375000000001 0.2209171875 0.8901921875 0.24375624999999998 0.8898015625 0.25656093750000003 0.8653984375 0.23785937499999998 0.8428890625 0.2046875 0.8453125 0.20643281249999998 0.8726375000000001
1 0.5299984375 0.2244140625 0.510521875 0.23658437499999999 0.517865625 0.26258593750000003 0.5453125 0.2625 0.5535578125 0.2378171875 0.5299984375 0.2244140625
1 0.37797187499999996 0.25354062499999996 0.40134218749999995 0.2659359375 0.41633906249999997 0.24290781250000001 0.40910624999999995 0.223584375 0.383221875 0.227759375 0.37797187499999996 0.25354062499999996
1 0.26459375 0.233221875 0.28024218749999996 0.23853125 0.3057921875 0.2319578125 0.29975 0.208190625 0.27918750000000003 0.2005984375 0.265625 0.2171875 0.26459375 0.233221875
1 0.8259703125 0.49975625 0.8319578125 0.5151484375 0.853534375 0.5244625 0.8602421874999999 0.5025078125 0.8602421874999999 0.4792609375 0.834375 0.4796875 0.8259703125 0.49975625
1 0.6462343749999999 0.28331249999999997 0.6462343749999999 0.3016609375 0.6481874999999999 0.3109375 0.6703796875 0.3259828125 0.683728125 0.304846875 0.6734375 0.278125 0.6462343749999999 0.28331249999999997
1 0.42080624999999994 0.22574999999999998 0.43512031249999994 0.23619374999999998 0.448046875 0.2162296875 0.45003125 0.197809375 0.4367671875 0.18724375 0.4203125 0.203125 0.42080624999999994 0.22574999999999998
1 0.5449703125 0.2047234375 0.54243125 0.2223640625 0.5635015625 0.2401125 0.581878125 0.23895312500000002 0.581878125 0.2020453125 0.5539734375 0.199328125 0.5449703125 0.2047234375
1 0.7305234375 0.8642390625 0.749840625 0.8812625000000001 0.7697078125 0.8697453124999999 0.7731015625000001 0.8460140624999999 0.7575015625 0.8336062500000001 0.728125 0.8453125 0.7305234375 0.8642390625
0 0.534890625 0.5585625000000001 0.694796875 0.7995625000000001