1 0.6353122531250001 0.421167771875 0.5887171359375001 0.43050564687500004 0.5693841578125001 0.46084013749999997 0.5738599109375 0.49258599687500004 0.5657913359375 0.523178065625 0.5550367781250001 0.5385371671875 0.498320425 0.61136410625 0.459018490625 0.642975865625 0.444298025 0.642205784375 0.40947715625000003 0.6674179171875 0.3989775203125 0.6905853578125 0.40396577499999997 0.71887515625 0.4222684375 0.733598278125 0.442492315625 0.74012935 0.5231355640625 0.7393725515625 0.5463056609375 0.7307994437499999 0.5653810609375001 0.7117293578125 0.590346240625 0.68152365625 0.5959837546875 0.6435069609374999 0.6144205203124999 0.6144523953125 0.619671665625 0.5933323046875 0.6850925718750001 0.5189705171875 0.687271365625 0.4995140625 0.662569078125 0.48030987343750003 0.649388771875 0.45009886093749996 0.6505425640625 0.4375545328125 0.6353122531250001 0.421167771875
1 0.4473863140625 0.526105690625 0.427291225 0.5139424171875 0.40373741562500004 0.5203393859375 0.3929828578125 0.5356984875 0.3959237625 0.5587397953125001 0.41384271406249995 0.5712867796875 0.434324171875 0.566553446875 0.4495597953125 0.5447947203125 0.4473863140625 0.526105690625
1 0.2531868828125 0.6400030828125 0.308097528125 0.6650997078125 0.3402271 0.66280009375 0.35251650625000003 0.6561455453125 0.3919498859375 0.5998288421875 0.3936161796875 0.5838284515625001 0.38670670937499996 0.56373070625 0.348435090625 0.5502848515625 0.2857134484375 0.5445158921875 0.26343956562500004 0.5518090734375 0.240908103125 0.5703666593750001 0.231559603125 0.6000625140625 0.237572859375 0.6214401859375001 0.2531868828125 0.6400030828125
1 0.2178747640625 0.5160893359375 0.27471990625 0.4376301953125 0.274464984375 0.4298218546875 0.2629456578125 0.42175593593749994 0.2012463625 0.4281475921875 0.18934066875 0.43697827812499995 0.1534921421875 0.48817528125000004 0.13658756875 0.5450071421875 0.14977053125 0.5561454125 0.1737080515625 0.55192458125 0.2178747640625 0.5160893359375
1 0.3850961984375 0.1792034953125 0.349247671875 0.23040049843750002 0.32313135625 0.2540777828125 0.30405329999999997 0.29222061250000003 0.307632840625 0.3252463984375 0.326829059375 0.3577623390625 0.3375809625 0.36147598125 0.337835884375 0.36928432187500004 0.4214200390625 0.3915688296875 0.4406189140625 0.405012028125 0.4595575546875 0.44879237187500004 0.47325301875000003 0.45647457812500003 0.4875897734375 0.4550685203125 0.5014166828125 0.43804578281250006 0.5143553484375001 0.365084740625 0.46584698593749996 0.32539643906250004 0.416828778125 0.27009145625 0.4108155203125 0.24871378593750001 0.42822728281250005 0.2265713484375 0.444485253125 0.21697323750000003 0.4324587390625 0.174217896875 0.415178421875 0.171655390625 0.3850961984375 0.1792034953125
1 0.5505929 0.277918390625 0.582209971875 0.2790748390625 0.5879709625 0.2735714265625 0.5856686921875001 0.260514596875 0.555589125 0.24898995937500001 0.54714215 0.239260403125 0.532684575 0.189080434375 0.5193728234375 0.183574365625 0.5088758437500001 0.1876690640625 0.4868542265625 0.221843328125 0.5050254437499999 0.2612713953125 0.5505929 0.277918390625
1 0.750516134375 0.4255359875 0.7398930218750001 0.41619014375 0.72734869375 0.4150363515625 0.70699336875 0.433210225 0.706607 0.45010682968750004 0.71889375 0.462525025 0.73758278125 0.46035154218749996 0.7487210515625 0.44716857968749996 0.750516134375 0.4255359875
1 0.7532047734375 0.42169621093750004 0.7731737296875 0.42041894218750003 0.7973688296875 0.404933709375 0.8161893062500001 0.3780552828125 0.821952953125 0.353479128125 0.8115874203125 0.33286888124999997 0.7871400546875 0.32147303125 0.767938521875 0.3271025765625 0.73887864375 0.34681129843749997 0.7276115843750001 0.36562646249999997 0.7259452921875 0.381626853125 0.7323422609375 0.4051806625 0.7532047734375 0.42169621093750004
1 0.736962740625 0.3168578640625 0.72390856875 0.30008739218749997 0.706757040625 0.291892684375 0.6995873359375 0.302132084375 0.70227331875 0.3173650515625 0.7213434046875 0.3364404515625 0.7313278828125 0.3358018171875 0.737088875 0.3302984046875 0.736962740625 0.3168578640625
1 0.0374026734375 0.4087960203125 0.0400913125 0.40495624531249996 0.0431636640625 0.4032926078125 0.041628815624999996 0.39458805468749997 0.0348454796875 0.3879308515625 0.027933351562499997 0.3869058484375 0.0212761484375 0.3936891859375 0.019867434375 0.3984251734375 0.02012235625 0.40623351406249997 0.02780190625 0.41161079218749996 0.0374026734375 0.4087960203125
1 0.5331652 0.41449728593749996 0.537004975 0.4171859265625 0.544813315625 0.41693100312500003 0.5478856671875 0.4152673671875 0.5514705203125 0.410147665625 0.551599309375 0.40451546406250005 0.5499356718749999 0.4014431140625 0.542256121875 0.396065834375 0.5379038453125 0.3968332578125 0.5348314937499999 0.3984968953125 0.531246640625 0.4036165953125 0.5315015640625 0.411424934375 0.5331652 0.41449728593749996
0 0.48046875 0.46796875 0.9609375 0.9359375