1 0.3390625 0.4375 0.340625 0.471875 0.3484375 0.4921875 0.3375 0.590625 0.346875 0.6078125 0.378125 0.609375 0.40625 0.6265625 0.4125 0.6375 0.434375 0.6421875 0.4671875 0.6078125 0.465625 0.571875 0.44375 0.5484375 0.4328125 0.51875 0.4328125 0.5 0.4375 0.4078125 0.4515625 0.359375 0.4640625 0.3515625 0.478125 0.3109375 0.4734375 0.2859375 0.453125 0.265625 0.4296875 0.2640625 0.409375 0.2703125 0.34375 0.3171875 0.3296875 0.3375 0.325 0.3640625 0.321875 0.403125 0.3390625 0.4375
1 0.528125 0.4484375 0.5515625 0.446875 0.5671875 0.428125 0.5671875 0.409375 0.5515625 0.3921875 0.5296875 0.3921875 0.515625 0.4078125 0.515625 0.434375 0.528125 0.4484375
1 0.5390625 0.3703125 0.55625 0.3828125 0.5953125 0.371875 0.65 0.340625 0.6640625 0.321875 0.671875 0.29375 0.6625 0.2640625 0.6453125 0.25 0.621875 0.24375 0.5625 0.2546875 0.5375 0.275 0.53125 0.2875 0.53125 0.35625 0.5390625 0.3703125
1 0.725 0.428125 0.7390625 0.428125 0.7859375 0.3875 0.790625 0.3734375 0.790625 0.3109375 0.771875 0.2546875 0.7546875 0.253125 0.7375 0.2703125 0.721875 0.325 0.7203125 0.421875 0.725 0.428125
1 0.565625 0.61875 0.628125 0.6234375 0.7 0.640625 0.7171875 0.6546875 0.715625 0.6828125 0.7078125 0.7 0.7421875 0.728125 0.7578125 0.7203125 0.778125 0.696875 0.778125 0.634375 0.7859375 0.6 0.7796875 0.5578125 0.7578125 0.5328125 0.7234375 0.5171875 0.7125 0.5203125 0.7078125 0.5140625 0.6265625 0.54375 0.603125 0.54375 0.5625 0.51875 0.546875 0.5203125 0.5359375 0.5296875 0.534375 0.5515625 0.565625 0.61875
1 0.5671875 0.7453125 0.5984375 0.7375 0.6109375 0.740625 0.6515625 0.7734375 0.665625 0.7703125 0.671875 0.7609375 0.6703125 0.7203125 0.6328125 0.6984375 0.5859375 0.7109375 0.559375 0.728125 0.5578125 0.7359375 0.5671875 0.7453125
1 0.3375 0.7046875 0.3515625 0.70625 0.3625 0.7 0.36875 0.6734375 0.359375 0.659375 0.3421875 0.65625 0.328125 0.66875 0.3265625 0.6859375 0.3375 0.7046875
1 0.3203125 0.8046875 0.340625 0.815625 0.3671875 0.8109375 0.3796875 0.7953125 0.3921875 0.7625 0.390625 0.740625 0.3828125 0.7265625 0.3640625 0.7109375 0.3375 0.709375 0.321875 0.721875 0.3109375 0.7484375 0.3109375 0.78125 0.3203125 0.8046875
1 0.4109375 0.7859375 0.43125 0.7921875 0.45 0.7890625 0.45 0.7765625 0.4390625 0.765625 0.4125 0.7609375 0.4046875 0.7671875 0.403125 0.775 0.4109375 0.7859375
1 0.9265625 0.234375 0.928125 0.2359375 0.9359375 0.2359375 0.9390625 0.2328125 0.946875 0.2328125 0.9484375 0.23125 0.95 0.2265625 0.9484375 0.225 0.9484375 0.2203125 0.946875 0.2171875 0.9421875 0.21875 0.9390625 0.215625 0.9328125 0.215625 0.928125 0.21875 0.9265625 0.221875 0.9265625 0.234375
1 0.9296875 0.3171875 0.9359375 0.3234375 0.9453125 0.325 0.9515625 0.321875 0.953125 0.3125 0.9515625 0.3078125 0.946875 0.3015625 0.9375 0.3015625 0.93125 0.309375 0.93125 0.3140625 0.9296875 0.3171875
1 0.83125 0.9265625 0.8328125 0.93125 0.8359375 0.934375 0.8421875 0.9375 0.8546875 0.9359375 0.85625 0.934375 0.85625 0.9265625 0.8578125 0.925 0.8578125 0.91875 0.8546875 0.9125 0.85 0.9078125 0.840625 0.903125 0.8375 0.903125 0.834375 0.90625 0.8328125 0.90625 0.83125 0.909375 0.83125 0.9265625
1 0.509375 0.603125 0.5125 0.6078125 0.515625 0.609375 0.525 0.609375 0.528125 0.60625 0.5296875 0.603125 0.5296875 0.596875 0.525 0.590625 0.521875 0.5890625 0.5171875 0.5890625 0.5109375 0.59375 0.509375 0.596875 0.509375 0.603125
0 0.5430937499999999 0.526546875 0.6867187499999999 0.6969999999999998