1 0.49788144531249995 0.6565868375 0.513875584375 0.611837665625 0.49783107187500003 0.5796426515624999 0.46831437343750004 0.56712879375 0.4462474765625 0.5444565953125 0.43862116406249996 0.52732761875 0.40540737499999996 0.44120356875000005 0.3985528015625 0.39123397656250003 0.40679448906250004 0.37901269375 0.403117546875 0.3361801765625 0.3886668859375 0.3152481171875 0.36184865624999996 0.30495356406249996 0.33980190781249997 0.3130590390625 0.32378762031249997 0.3270305359375 0.28290197968749997 0.396545071875 0.27831708437499997 0.4208211984375 0.28483878281249997 0.44699382656250003 0.297872103125 0.4839502484375 0.32755523750000004 0.5083625875 0.342964225 0.5391301859375 0.3583631359375 0.5545089484375 0.388409371875 0.6488847609375 0.403964646875 0.66077316875 0.4331484671875 0.6494900625 0.4658327203125 0.6537521578125001 0.4759910609375 0.66120195625 0.49788144531249995 0.6565868375
1 0.5047211078125 0.44145584375 0.525496803125 0.43049553906250004 0.5321446390625 0.4070113015625 0.5245183265625 0.389882325 0.50325339375 0.380536021875 0.48326958593749997 0.3894333859375 0.4767781140625 0.40942726875 0.48758205625000006 0.43369331874999995 0.5047211078125 0.44145584375
1 0.5071120875 0.2163329484375 0.4573190078125 0.2504748390625 0.442742209375 0.2791996484375 0.442116759375 0.2931610703125 0.470079903125 0.3559673203125 0.4829367109375 0.36563642343749997 0.50372248125 0.37006495625 0.53495916875 0.3441849015625 0.572208165625 0.293393196875 0.5774285875 0.270544484375 0.5731261921875 0.24167338906250002 0.552486709375 0.21836566406250002 0.5310654140625 0.21250971718749997 0.5071120875 0.2163329484375
1 0.6315139859375 0.2498848515625 0.6694891828125 0.33902009375 0.67631353125 0.34282317500000004 0.6891602640625 0.3371034421875 0.71545903125 0.2809248765625 0.7140215421875 0.266171565625 0.6886005015625 0.209074975 0.6485925890625001 0.1653143546875 0.6322555000000001 0.1708777265625 0.6235447234375 0.193570075 0.6315139859375 0.2498848515625
1 0.83415610625 0.5667306328125 0.8087350671875001 0.5096340421875001 0.80189056875 0.47505328750000003 0.7790217078125 0.4390551921875 0.748869484375 0.42511392031249995 0.7111111 0.42482134374999997 0.7023902484375 0.4321248546875 0.6955659 0.428321775 0.633415325 0.48849000781249996 0.6120041031250001 0.49802289687499995 0.5647229031250001 0.4917079375 0.55108428125 0.4994906125 0.544905534375 0.5125037828125001 0.5523754828125 0.533123115625 0.608251396875 0.58179143125 0.667254565625 0.560652634375 0.73990643125 0.5471200015625 0.761327728125 0.5529759484375 0.77133978125 0.5793049406249999 0.77119349375 0.5981841328125 0.8140360875000001 0.6098960265625 0.8251326046875 0.5964036921875 0.83415610625 0.5667306328125
1 0.6643038234375 0.6577470640625 0.6470285578125 0.6842525687500001 0.6487787734375 0.6920251687500001 0.66115641875 0.6967765015625 0.686527084375 0.6769289078125 0.6992174546875 0.6746995296875 0.749676284375 0.6881515640625 0.761251965625 0.679577 0.7631484687500001 0.6684704078125 0.7451973781250001 0.6319931484375 0.702042059375 0.627261965625 0.6643038234375 0.6577470640625
1 0.43480277031250003 0.7530860406250001 0.44828502812500004 0.748793721875 0.45573482812500005 0.7386353796875 0.4506405453125 0.7118272250000001 0.43635632187500006 0.7027936484375 0.4193837078125 0.7069296046875 0.41162118281250004 0.7240686562499999 0.4171845546875 0.7404057453124999 0.43480277031250003 0.7530860406250001
1 0.43670934843750003 0.757368284375 0.4275194078125 0.7751428625 0.428331446875 0.8038575968749999 0.44167749218749996 0.8338333062500001 0.459774871875 0.851431371875 0.4827799453125 0.8531614375000001 0.50513941875 0.8380752515625 0.5102034765625 0.8187168953124999 0.5082767484375 0.7836569765625 0.4979519703125 0.7643086953125 0.48509516250000007 0.75463959375 0.461610925 0.7479917578124999 0.43670934843750003 0.757368284375
1 0.5349386171875 0.7974418859375 0.5560371125 0.7948897078125 0.5718950375 0.7844085656249999 0.5668108296875001 0.7729892484375 0.55237024375 0.7674460265625 0.526197615625 0.7739677234375 0.5216026453125 0.7828550125 0.5233528609375 0.7906276125 0.5349386171875 0.7974418859375
1 0.7959088859375 0.062096792187500006 0.79321041875 0.05987748750000001 0.7895637015625 0.06321148125 0.7854378203125 0.061627703125 0.7797281609375 0.06416980781250001 0.77671696875 0.0689312140625 0.7765606046875 0.0724215703125 0.7816448140625 0.08384088906250001 0.7837077546875 0.0846327765625 0.790844828125 0.081455146875 0.79242860625 0.077329265625 0.7995656796875 0.0741516359375 0.80035756875 0.07208869531249999 0.7998784046875 0.067170925 0.7978154640625 0.0663790359375 0.7959088859375 0.062096792187500006
1 0.81643230625 0.1504502203125 0.818338884375 0.15473246406250002 0.818182521875 0.15822282031249998 0.8264342843750001 0.161390375 0.8356342984375 0.1590046328125 0.84007290625 0.15360769999999999 0.837687165625 0.1444076859375 0.834353171875 0.1407609671875 0.8275288234374999 0.1369578859375 0.8189643343749999 0.1407710421875 0.81643230625 0.1504502203125
1 1 0.7471445109375 0.99894916875 0.7447843046875 0.9997410578125001 0.7427213640625 0.997198953125 0.7370117046875 0.9918020203125 0.7325730984375001 0.985613196875 0.7301974312499999 0.9751421312499999 0.72972834375 0.9722873015625 0.7309993953125 0.9707035234375001 0.7351252765625 0.9692761093750001 0.735760803125 0.9691197468749999 0.739251159375 0.9761105328124999 0.754952721875 0.9794445250000001 0.7585994390625 0.9835704062499999 0.7601832171875 0.9905511171875 0.7604959421874999 1 0.754790384375 1 0.7471445109375
1 0.5562087890625 0.5724652781249999 0.5519265453125 0.57437185625 0.5481234640625 0.5811962046875 0.5479671015625 0.5846865609375 0.5505092046875 0.59039621875 0.5552706125 0.5934074109374999 0.5587609687499999 0.593563775 0.5673254562500001 0.58975061875 0.568909234375 0.5856247375 0.569065596875 0.58213438125 0.56652349375 0.5764247218749999 0.5596991453125 0.572621640625 0.5562087890625 0.5724652781249999
0 0.546875 0.50625 0.90625 0.915625