0 0.5 0.5 1 1
1 0.7215297703125 0 0.6930574953125 0.0136771171875 0.711583803125 0.08660758125 0.7507417984375 0.1343878140625 0.786942684375 0.1344313828125 0.8262259656250001 0.109861521875 0.8313323484374999 0.061285784375 0.7691211890625 0.0000308078125 0.768549928125 0 0.7215297703125 0
1 0.8451351875 0.20154131562500002 0.791422984375 0.199375484375 0.7729332953125 0.2288882578125 0.7782629265625001 0.2476272109375 0.760851040625 0.28512919531250003 0.76775901875 0.306389765625 0.8200679234375 0.32957914375 0.8641432484375 0.2970596921875 0.8751551359375 0.2608798125 0.8451351875 0.20154131562500002
1 0.80707469375 0.7917570578124999 0.8377238296874999 0.78331495625 0.8538319 0.7955189703125 0.9523227249999999 0.750628734375 0.9341906468750001 0.7345315 0.9564508796875 0.7189593015625 0.9340531046875 0.636009821875 0.9190228375 0.6317950171875 0.906026471875 0.6011404609375 0.8627133656250001 0.5659297375000001 0.8165160890625 0.5779073312499999 0.7164003640625001 0.5103541265625 0.7039255468750001 0.43514526093750006 0.602088834375 0.5065532421875 0.61389859375 0.542899946875 0.6739281515625 0.5711627609375001 0.72243586875 0.6714075046875 0.7142967703124999 0.6907325203125 0.7176830078124999 0.7245095953125 0.746912571875 0.7514060703125 0.7701863125 0.7809967343750001 0.80707469375 0.7917570578124999
1 0.6537165359375 0.1792125875 0.6676386437499999 0.163229725 0.6524142546875 0.1454024140625 0.6363460953125 0.16575775937499998 0.6537165359375 0.1792125875
1 0.5692716953125 0.2272754671875 0.5866154156250001 0.21476457343750002 0.5776554921875 0.19166364062500002 0.553690590625 0.19108789843750001 0.531244025 0.209074928125 0.541176240625 0.23258446875 0.5692716953125 0.2272754671875
1 0.6310757859375 0.37983927031250003 0.6226781171875 0.3537512015625 0.5853853703125 0.3710024421875 0.5887182890625 0.385962525 0.59576859375 0.395894990625 0.6310757859375 0.37983927031250003
1 0.46738497343749996 0.467017440625 0.47595544843750004 0.42985648125000003 0.44194524687500003 0.33930624374999996 0.3747858171875 0.2728639828125 0.34001490156249997 0.28915946875 0.352677728125 0.3163654984375 0.36071346875 0.3763953890625 0.3475624109375 0.41122490625 0.3339448703125 0.44696994375 0.345285325 0.4959946796875 0.3766579203125 0.51253781875 0.43079177968750004 0.5002963328125001 0.46738497343749996 0.467017440625
1 0.3337930234375 0.5259430218750001 0.29880697343749996 0.5202638484375 0.265762425 0.5409320609375 0.28760534375 0.57050296875 0.3305995484375 0.5710467703125001 0.3337930234375 0.5259430218750001
1 0.2524057734375 0.5727725671874999 0.20564196875000001 0.5284181421875 0.188215490625 0.5187651437499999 0.1654105484375 0.523883059375 0.151155815625 0.55295955625 0.127018853125 0.610457434375 0.1172181546875 0.65794950625 0.1585040375 0.7003001953125 0.21396709375 0.6945007609375 0.2570446515625 0.6552952078125001 0.2524057734375 0.5727725671874999
1 0.49864908906250005 0.79250885625 0.4484922359375 0.7437186515625 0.4155070765625 0.7507708484375 0.39439019062499997 0.7752014171875 0.3623955046875 0.8085157109375001 0.3609010875 0.8815718859375 0.3955513046875 0.91996865 0.43271726250000003 0.930809646875 0.5095202390625 0.9012711281250001 0.531527896875 0.8513423234375 0.49864908906250005 0.79250885625
1 0.221275040625 1 0.2385427734375 0.9564687078125 0.1995660359375 0.8835752078124999 0.1720272421875 0.8764800906250001 0.12284726718750001 0.814541353125 0.0889539640625 0.7384682390624999 0.104151940625 0.7358219765625 0.1355622421875 0.6889480484375 0.12030463124999999 0.670224646875 0.067419921875 0.6698370109375 0.0434805171875 0.6966895765625 0.139108721875 1 0.221275040625 1
1 0.1304962109375 0.3998631546875 0.15603249218749998 0.40120979375 0.1750044421875 0.3882947171875 0.165438940625 0.359568075 0.13753929375 0.353207940625 0.12373852968750002 0.3731239328125 0.1304962109375 0.3998631546875