0 0.5 0.5 1 1
1 1 0.389768871875 0.959990728125 0.4362071546875 0.94331155625 0.495689121875 0.9640398421875 0.5253681421875 1 0.5406145046875 1 0.389768871875
1 0.9424444515625 0.6115293265624999 0.9134105437500001 0.5662885953125001 0.8786298453124999 0.568070559375 0.86633674375 0.583184559375 0.8256298703124999 0.5904318328125 0.8121764828125 0.6082850796875 0.8231840109374999 0.66443490625 0.8751029546875 0.6818869078125 0.9110559359374999 0.670155390625 0.9424444515625 0.6115293265624999
1 0.5557898609375 1 0.5569245671874999 0.9901898984375 0.5824485078125 0.9994925671875 0.637549909375 0.9335675171875 0.63238146875 0.9188379296875 0.6500378 0.8906091999999999 0.6540373609375 0.8349331375 0.617728221875 0.8039606109375 0.6156405453125 0.683203684375 0.6700927812499999 0.6298468796875001 0.5531876484375 0.5873850609375 0.5301879703125 0.6179066640624999 0.5414679687499999 0.6832908843750001 0.48717516562499996 0.7805241015625 0.46667664374999995 0.7849413171874999 0.44095034999999994 0.8070888937499999 0.43568343593750003 0.8464595359375 0.42479345312500005 0.8824967765625 0.43713741875 0.9188858375000001 0.46163240468750005 0.9391499484375 0.460874671875 0.9593448421874999 0.5299005734375 1 0.5557898609375 1
1 0.8509418484375001 0.4419211140625 0.8720196343750001 0.44415804375 0.8778905625 0.421461628125 0.852000121875 0.41997470937500003 0.8509418484375001 0.4419211140625
1 0.7631354703125 0.4003156859375 0.78333174375 0.4073468765625 0.7971157203125 0.386757184375 0.7838416375 0.3667960546875 0.756232703125 0.35872584218750003 0.7426717 0.3803463546875 0.7631354703125 0.4003156859375
1 0.6736118890625 0.538449634375 0.6901652796875 0.516607165625 0.65464365 0.49595364062499997 0.6443007515625 0.507264559375 0.640208440625 0.5187368593749999 0.6736118890625 0.538449634375
1 0.5083105203125 0.45436531562500004 0.54366681875 0.44007118749999996 0.59833378125 0.360274178125 0.614239028125 0.26715067812500004 0.5809467703125 0.2480147203125 0.56592399375 0.2739922375 0.5213594968749999 0.31500646250000003 0.48528569062500004 0.324211134375 0.44819436875 0.3335588109375 0.41454027499999996 0.37096779999999996 0.418983509375 0.4061554796875 0.4600610546875 0.44347791406250003 0.5083105203125 0.45436531562500004
1 0.383416315625 0.378731521875 0.36800124843750004 0.3468151859375 0.3321172640625 0.33160147812499996 0.32042277812500003 0.366455325 0.3446377859375 0.4019860265625 0.383416315625 0.378731521875
1 0.2983739890625 0.3389233125 0.307884390625 0.27517599375 0.305796246875 0.25536432656249997 0.28852351718749997 0.2396191265625 0.2565292671875 0.24461992656249998 0.19558536875000002 0.25782751249999997 0.1510606921875 0.277039584375 0.1400496484375 0.33515035625 0.17661256875 0.3772566140625 0.2334361515625 0.3900563015625 0.2983739890625 0.3389233125
1 0.259615921875 0.6666695859375 0.270813728125 0.5975985859375 0.24611739687499998 0.5746236984374999 0.2139928984375 0.57133855625 0.168352028125 0.5642383390625 0.1076507515625 0.6049174828125 0.0960725109375 0.655324759375 0.1085096046875 0.6919874703125 0.1767585203125 0.7379581875000001 0.230280875 0.72734781875 0.259615921875 0.6666695859375
1 0 0.500501696875 0.0134717421875 0.4739086046875 0.00348811875 0.447280553125 0.026016887500000002 0.37146807656249997 0.0688919328125 0.3000705625 0.0797768265625 0.31100218125 0.136189909375 0.3098462140625 0.14277581718750001 0.286608609375 0.11275992500000001 0.24306565156249998 0.0770325140625 0.2388576390625 0 0.3392451203125 0 0.500501696875
1 0.370088634375 0.1398840796875 0.3836325421875 0.161574578125 0.4050938171875 0.16970770625 0.4231387578125 0.14539518125 0.4123460953125 0.11889310625 0.38811607656249997 0.11901152343750002 0.370088634375 0.1398840796875
1 0.071804390625 0.790852503125 0.07548275625 0.7696948640625 0.055044146875 0.7420849453125 0.040660146875 0.7388760249999999 0.030369303125000004 0.7646961609375 0.071804390625 0.790852503125