0 0.50234375 0.5 0.9953125 1
1 0.0922265625 0.1295859375 0.0971375 0.166109375 0.1722234375 0.17102656249999998 0.22976562500000003 0.14855000000000002 0.24099374999999998 0.11413437500000001 0.22976562500000003 0.06918125 0.1851453125 0.0493140625 0.1076640625 0.0895515625 0.0922265625 0.1295859375
1 0.30414375 0.1299421875 0.3264984375 0.15664687500000002 0.3459671875 0.15736875 0.37625312499999997 0.18551718749999999 0.3986078125 0.18551718749999999 0.4368265625 0.142934375 0.41951875000000005 0.0909671875 0.3885125 0.0693140625 0.32280156249999997 0.079528125 0.30414375 0.1299421875
1 0.5377796874999999 0.40493281249999996 0.575996875 0.40493281249999996 0.6214265625000001 0.356575 0.7317546875 0.34141875 0.74761875 0.35513125 0.7807890625 0.3623484375 0.8154015625 0.3428609375 0.8507359375 0.3298703125 0.87236875 0.2981125 0.8738109375 0.2663546875 0.8903953124999999 0.25480625 0.8781375 0.1472640625 0.857225 0.159534375 0.84929375 0.1335515625 0.7634828125 0.1292203125 0.7548296875 0.14221250000000002 0.721659375 0.1451 0.6747875 0.1754125 0.6719031249999999 0.22305000000000003 0.5767187500000001 0.297390625 0.5013359375 0.2860140625 0.5377796874999999 0.40493281249999996
1 0.24241406250000003 0.254678125 0.23151562499999997 0.23649843750000002 0.20985625 0.24546874999999999 0.22425 0.26704062500000003 0.24241406250000003 0.254678125
1 0.23296875 0.380384375 0.25839687499999997 0.37820312500000003 0.2620296875 0.3498421875 0.255490625 0.32948125 0.2307515625 0.3308640625 0.2227984375 0.353478125 0.23296875 0.380384375
1 0.40370156250000006 0.37893125 0.418959375 0.380384375 0.430584375 0.3767484375 0.42622499999999997 0.3382078125 0.39881875 0.3381328125 0.40370156250000006 0.37893125
1 0.250040625 0.5870015625 0.279828125 0.583365625 0.33940312499999997 0.5942734375 0.3684640625 0.6175437500000001 0.3982515625 0.641540625 0.44838125 0.6459046875000001 0.473809375 0.6211796875 0.4788953125 0.5659125 0.458553125 0.5208265625 0.42585937500000004 0.5011921874999999 0.32923125 0.5055562499999999 0.24528750000000002 0.548896875 0.250040625 0.5870015625
1 0.4665453125 0.735421875 0.50141875 0.7237859375 0.515221875 0.6830640625 0.4733125 0.6660890625 0.45709999999999995 0.6976078125 0.4665453125 0.735421875
1 0.4215 0.8023234374999999 0.4193203125 0.82559375 0.44256875000000007 0.8481359375 0.48979375 0.888859375 0.5319328125 0.9128562499999999 0.58496875 0.8866781250000001 0.5965921875 0.8321375 0.5726171875 0.779053125 0.49269999999999997 0.7579640624999999 0.436065625 0.7887328124999999 0.4215 0.8023234374999999
1 0.7123875 0.65785 0.729096875 0.6854828125 0.75089375 0.7262062499999999 0.8199125 0.750203125 0.8671374999999999 0.7291140625 0.8889328125 0.6971171875 0.8845734375 0.6149453125 0.8438890625000001 0.5785859375 0.777775 0.5916750000000001 0.7158734375 0.6243000000000001 0.7123875 0.65785
1 0.9020109375 0.9980687500000001 0.8954718749999999 0.9246234375 0.8533328125 0.8897171875 0.7719625 0.9042609374999999 0.7567046875 0.928259375 0.6826 0.9558921874999999 0.5997765625 0.96461875 0.60195625 0.949346875 0.5670828125 0.9049890625 0.5445609375 0.9137140625000001 0.52785 0.963890625 0.5459906250000001 0.9949562500000001 0.9020109375 0.9980687500000001
1 0.24838593750000001 0.799359375 0.26306250000000003 0.8186390625 0.29058125 0.8204750000000001 0.299753125 0.7966046875 0.2933328125 0.7745703125000001 0.26305625 0.774790625 0.24838593750000001 0.799359375
1 0.96111875 0.7096671875 0.9672124999999999 0.7230859374999999 0.9940265625 0.715765625 0.9899796875 0.6669328125 0.97086875 0.676728125 0.96111875 0.7096671875
1 0.9579453125 0.8302125 0.9724296875 0.8122343750000001 0.9654765624999999 0.7936765625 0.9474375 0.793865625 0.9394046875000001 0.8139734375 0.9579453125 0.8302125