1 0.5271623796875 0.5995325890625 0.5515268296875 0.5937175234375001 0.5653460671875 0.57478751875 0.5581605078125 0.5459403890625001 0.53669888125 0.5345290406250001 0.523831409375 0.5351952343749999 0.504368365625 0.5623862984375 0.51304815 0.5907765953124999 0.5271623796875 0.5995325890625
1 0.14404107187499998 0.6022919921875001 0.151721565625 0.6113810828124999 0.17928383125 0.6160256000000001 0.20319145 0.6087163078125 0.2105769515625 0.5901193984375 0.19616772968750001 0.5536774062500001 0.179978709375 0.5488235265625 0.1645796171875 0.5518976078125 0.148809321875 0.5697902171875 0.14404107187499998 0.6022919921875001
1 0.326822603125 0.2114619296875 0.34014690625 0.21228996093750002 0.36118980624999997 0.2009548203125 0.3545848125 0.16866240937500002 0.343459034375 0.15899275468750002 0.324157828125 0.1599920453125 0.3122896484375 0.17995944531250002 0.317191053125 0.2013354421875 0.326822603125 0.2114619296875
1 0.3242909828125 0.21386981718750003 0.3435921890625 0.2128705265625 0.362807765625 0.19555848125 0.3569927 0.17119403125 0.3351979765625 0.153348946875 0.3111666234375 0.1655977484375 0.3071026703125 0.1897147296875 0.31050985 0.21154755781249998 0.3242909828125 0.21386981718750003
1 0.40208579375 0.2652446515625 0.4224243953125 0.262294303125 0.440145746875 0.2454390890625 0.43536807499999997 0.2191235828125 0.41598123906250006 0.20381011875000002 0.38862833750000003 0.21053884687500002 0.380205440625 0.2310868125 0.37937740781249996 0.2444111140625 0.40208579375 0.2652446515625
1 0.105058459375 0.3037704328125 0.121951778125 0.3002395203125 0.1327825640625 0.2822231765625 0.12730059375 0.2642924625 0.1127295328125 0.2540422421875 0.0675696515625 0.26131342968750004 0.060307882812500005 0.27497082968750003 0.068654571875 0.296927390625 0.105058459375 0.3037704328125
1 0.0908299171875 0.35877122968749997 0.090411190625 0.3360247390625 0.0788285828125 0.32486085781249996 0.06309639375000001 0.3215012046875 0.05537779375 0.3336643765625 0.062563353125 0.3625115046875 0.07978976875 0.365414328125 0.0908299171875 0.35877122968749997
1 0.6564660250000001 0.11394760781249999 0.660330034375 0.1372746625 0.689015325 0.1562808765625 0.6998080046874999 0.159516796875 0.7337183765625 0.1475154625 0.7347938765625 0.1243121421875 0.7204702828125 0.104182903125 0.693241115625 0.105972121875 0.6785463203125001 0.1006614109375 0.6646414546875 0.1032786609375 0.6564660250000001 0.11394760781249999
1 0.7282929296875 0.482488434375 0.7568544859374999 0.5064341578125 0.7683514640625 0.5012852859375 0.787814509375 0.474094221875 0.7876051453125 0.46272097656250005 0.7689226078125 0.43902272187499997 0.741236609375 0.43931771406250003 0.7297396296875001 0.4444665859375 0.7209836359375 0.45858081562499997 0.7282929296875 0.482488434375
1 0.8481255937500001 0.730149359375 0.8624491859375001 0.7502785984375 0.8911725796875001 0.7480325484375 0.9144140046875 0.727855784375 0.917773659375 0.7121235953125 0.910921196875 0.689710203125 0.8891264734375 0.6718651171875 0.8518945531250001 0.678346378125 0.8421011640625 0.6944116640625 0.8481255937500001 0.730149359375
1 0.58402818125 0.8550071625 0.6004265640625001 0.8712342874999999 0.6322621453124999 0.8631350671875 0.6429691953125001 0.8500582328125 0.63993321875 0.8134068765625001 0.6250290609375 0.7967229203125 0.60240630625 0.7922021375 0.5844755921875 0.79768410625 0.5753483953125 0.8266168640625 0.58402818125 0.8550071625
1 0.2725723625 0.9959777765625001 0.296356246875 0.9936079921875001 0.312250275 0.9707758734375 0.313202040625 0.9525120625 0.2906173890625 0.926739015625 0.263388221875 0.928528234375 0.24944525 0.95239775 0.2580013015625 0.98572755625 0.2725723625 0.9959777765625001
1 0.3471980421875 0.9568234828125 0.36512875624999996 0.9513415125 0.3723905234375 0.9376841140625001 0.370020740625 0.9139002296875001 0.3555734140625 0.8987105 0.332703190625 0.9040687359374999 0.3218724046875 0.9220850796875 0.328144303125 0.9479437546874999 0.3471980421875 0.9568234828125
1 0.2405085765625 0.8750691890625 0.23108638906249998 0.8763159484375 0.22083616875 0.8908870078125 0.22162609687499998 0.8988149703125 0.23229504374999999 0.9069904 0.2498926609375 0.89507469375 0.2405085765625 0.8750691890625
1 0.0828831140625 0.24192659375 0.0852053734375 0.22814546249999998 0.075116990625 0.21652475 0.066151634375 0.21926573437500002 0.06187831875000001 0.232009471875 0.06312507656250001 0.24143165937500002 0.0743745875 0.24616180468749999 0.0828831140625 0.24192659375
1 0.3919785703125 0.13598937656250001 0.381642721875 0.1342476828125 0.3720968 0.14043395 0.37471405 0.1543388171875 0.3844693359375 0.15952579375 0.3955094828125 0.1528826953125 0.3919785703125 0.13598937656250001
1 0.6150751031249999 0.069415815625 0.6032450265625 0.0681309515625 0.59805805 0.0778862375 0.6050342453125 0.09536012031249999 0.615493828125 0.0921623046875 0.6193103140625 0.077924340625 0.6150751031249999 0.069415815625
1 0.4345871453125 0.526534290625 0.4152859390625 0.5275335812499999 0.4104320578125 0.5437226015625 0.42612614375 0.56833451875 0.4374993890625 0.56812515625 0.4482064390625 0.555048321875 0.4345871453125 0.526534290625
1 0.5346806125 0.8913348421875 0.5535249890625 0.8888413249999999 0.56319464375 0.877715546875 0.557379578125 0.8533510968750001 0.5486616875 0.8462130640625001 0.534299990625 0.8473360890625001 0.5200239234375 0.8647718671875 0.5264195546875 0.885691034375 0.5346806125 0.8913348421875
0 0.5908381328125001 0 0.5721518484375 0.0465931171875 0.5707907765625 0.10092771874999999 0.5844957015625 0.1457545046875 0.6135997171875001 0.18750720781250002 0.65262085625 0.20825511562500001 0.6767378390625 0.21231906875 0.7259235687500001 0.2021831609375 0.754104503125 0.18213013125 0.780829315625 0.14128166874999998 0.789537784375 0.089602421875 0.776537159375 0.03639084375 0.746745015625 0 0.5908381328125001 0
0 0.46303523281250003 0.101194028125 0.41197465468749994 0.0677880125 0.38395555937500003 0.06164926875 0.3317813765625 0.0726988375 0.288077615625 0.10076545781249999 0.25973484375 0.1470102609375 0.2541385609375 0.1928363375 0.264978765625 0.23363727500000003 0.2955770078125 0.274933146875 0.3110617296875 0.2881718203125 0.36834668125 0.30987149375 0.41798924218750005 0.3012298140625 0.46318722812499996 0.2727063625 0.48957894375000005 0.22542416406250002 0.4959651546875 0.1875260484375 0.48811340156250005 0.14581145 0.46303523281250003 0.101194028125
0 0 0.364857384375 0.0054496609375 0.3734373390625 0.039988121875 0.3955557390625 0.0862710296875 0.4026462484375 0.13051725 0.3923866078125 0.1712325578125 0.3652336484375 0.1982048390625 0.3145061671875 0.202887459375 0.26569163906250004 0.1897631015625 0.2174195703125 0.1572138015625 0.1750863015625 0.105448925 0.150065078125 0.0674270765625 0.14861837656250002 0.027539799999999996 0.16244703437500002 0 0.1843121953125 0 0.364857384375
0 0.23832973906250002 0.4885025984375 0.1956158484375 0.4770531453125 0.155519209375 0.47950855781249996 0.119534046875 0.49541200625000004 0.085585571875 0.528665603125 0.0644664625 0.5825052703125 0.066798140625 0.62754141875 0.0786757421875 0.6663913 0.11259553281250001 0.7132072468749999 0.1629899171875 0.7337457921875 0.21147135 0.731994678125 0.24745651093749998 0.7160912296874999 0.2932731671875 0.66287023125 0.3019816359375 0.6111909843750001 0.298488828125 0.5730454015625 0.2745717890625 0.5215374125000001 0.23832973906250002 0.4885025984375
0 0.56814441875 0.4236137859375 0.53568075 0.39759327187500004 0.48757051875 0.38452585781250004 0.43493950625 0.3940812 0.3894940515625 0.4324836703125 0.37127776562500003 0.469096921875 0.368879296875 0.5253825812499999 0.37971950312499997 0.5661835187500001 0.4155903515625 0.6140368609375 0.4551920546875 0.6313394859375 0.5005613015625 0.6354415421875 0.527457371875 0.6272185890624999 0.56070155 0.6023497828125 0.5837336109375 0.570799775 0.5992089125 0.525221165625 0.5952592734375 0.4855813578125 0.56814441875 0.4236137859375
0 0.83909429375 0.321169375 0.8206211187499999 0.3088443640625 0.7654965890625001 0.29955533125 0.718718746875 0.312222859375 0.6707416703125 0.3530332171875 0.65065995625 0.404921828125 0.6510786828125 0.4276683171875 0.675205084375 0.49054955156249996 0.709496078125 0.5225469703125001 0.7525430656250001 0.5404301593749999 0.7860822359374999 0.543247353125 0.846431846875 0.5215288375 0.8784292656250001 0.48723784531250003 0.89079238125 0.4475124078125 0.8937333093750001 0.409033728125 0.880485215625 0.36570116874999997 0.83909429375 0.321169375
0 1 0.731968871875 0.9973863734374999 0.710658053125 0.9777045453125 0.667658590625 0.9569472171875001 0.6478624484375 0.919420303125 0.6266577109375 0.8776200749999999 0.618196709375 0.831879628125 0.6289131796875 0.8017476359375 0.6479288140625 0.7713300734375 0.69807573125 0.7671042828125 0.7483844859375 0.780685471875 0.79815078125 0.8021089953124999 0.8308143937500001 0.8393884406250001 0.8618981515625 0.8840533875000001 0.874385 0.9067998765624999 0.8739662734375001 0.931744890625 0.864705925 0.9734975953125 0.8356019078125 0.9889347921875 0.8112755625 1 0.7765935546875 1 0.731968871875
0 0.6727586703124999 0.76579158125 0.6467287359375 0.7394379703125 0.5861222359375 0.712218221875 0.5380976343749999 0.7154635625 0.48360119375000005 0.7402942640625 0.46193962343750006 0.77632695 0.45692390625 0.8187077437499999 0.47220868437499997 0.879390453125 0.48732220625 0.907447653125 0.5069184046874999 0.9341343609375 0.5536200375 0.9639713593750001 0.61289415 0.9654561656249999 0.645890859375 0.9504663796875 0.6747760921875 0.9220285562500001 0.6954383703125 0.8666946624999999 0.6935635234374999 0.8231527406250001 0.6727586703124999 0.76579158125
0 0.381104 1 0.3955557390625 0.960011878125 0.38981688124999997 0.8931429015625 0.3700113203125 0.8550829484375001 0.3435245546875 0.8272351109375 0.309319190625 0.811550446875 0.266938396875 0.806534728125 0.219579990625 0.8226475390625 0.1857552484375 0.8509616281250001 0.1627231859375 0.8825116359375 0.1487421109375 0.9276334140625 0.14870400625 0.948885678125 0.1609147046875 0.99416929375 0.1655594703125 1 0.381104 1