1 0.3971798796875 0.49148213749999997 0.394311121875 0.5163661 0.40737305 0.535826378125 0.4369380890625 0.5389404609375 0.45500155937500003 0.5226760406250001 0.45877647499999996 0.5103567203125 0.4398819875 0.48276755 0.41023517343749993 0.4812138265625 0.3971798796875 0.49148213749999997
1 0.52562209375 0.1305221 0.5144542578125 0.13463075156249998 0.500662990625 0.158942290625 0.499354590625 0.183908028125 0.514303978125 0.197208646875 0.5534764937500001 0.19613230312500002 0.5635746203124999 0.182579725 0.565952728125 0.16705791406249998 0.5545329328124999 0.1461190515625 0.52562209375 0.1305221
1 0.8303672531249999 0.4359523109375 0.8250319781250001 0.44818985468749994 0.8284864296875 0.471840559375 0.8610904125 0.47667855000000003 0.87398215625 0.46953095625 0.87964453125 0.45105197812500003 0.8649404687500001 0.43307028281250004 0.8431772234375 0.4303650765625 0.8303672531249999 0.4359523109375
1 0.8289704453125 0.43274981874999996 0.8233080703125 0.45122879843749997 0.83300395625 0.4752066015625 0.8578879203125 0.478075359375 0.8821110484375 0.46369839687500003 0.878820146875 0.436926975 0.8575475499999999 0.42485961562499996 0.8358660796875 0.42059404999999994 0.8289704453125 0.43274981874999996
1 0.7540865 0.48828180000000004 0.7499027078125 0.5084029125 0.7596803703125 0.530820359375 0.7860429171875001 0.53533125 0.8070635546875 0.522351096875 0.8100958609375001 0.49434641562500004 0.793667890625 0.4794036640625 0.781430346875 0.4740683875 0.7540865 0.48828180000000004
1 0.8194734390624999 0.19599081406250002 0.81701355625 0.21307298437500002 0.830239034375 0.2294125453125 0.8489633375000001 0.23039384375 0.863578990625 0.22020730781250003 0.8721918984375 0.17528400625 0.8618418125 0.163789071875 0.8383546578125 0.16412280625 0.8194734390624999 0.19599081406250002
1 0.77265604375 0.16380897656249999 0.794173965625 0.17119526093749998 0.80862606875 0.1641294421875 0.8171638359375001 0.1504950890625 0.8083741078125 0.139081928125 0.77880906875 0.1359678453125 0.7701895265625 0.15116255781250001 0.77265604375 0.16380897656249999
1 0.8092560515624999 0.7790676640624999 0.786014221875 0.7747203218750001 0.758343275 0.7951751703125 0.7516111921874999 0.8042102218749999 0.7512907265625001 0.8401802453125 0.7727268734375 0.8491268875 0.796541128125 0.84255171875 0.8041727359375 0.816352721875 0.8141890875 0.8043605015624999 0.8164854203124999 0.7903990484375 0.8092560515624999 0.7790676640624999
1 0.43837470781250004 0.7205144890625 0.4061044609375 0.739163653125 0.4070106203125 0.751728296875 0.42590510937500003 0.7793174671875 0.43666406875 0.783010609375 0.46532295 0.7735600484375 0.4745149171875 0.747442825 0.4736087578125 0.73487818125 0.46334044687500003 0.7218228875 0.43837470781250004 0.7205144890625
1 0.1646643796875 0.748415334375 0.140850125 0.7549905031249999 0.1331367421875 0.782749859375 0.1441476625 0.8114905140625 0.157782015625 0.8200282828125 0.1811873953125 0.8212549062500001 0.205410525 0.80687794375 0.2120541984375 0.7696746609375 0.2003073046875 0.754977234375 0.1646643796875 0.748415334375
1 0.137663059375 0.4575410609375 0.116805971875 0.467400496875 0.1135283390625 0.5000862546875 0.12215451718749999 0.51462013125 0.15763389218749999 0.5243027484375 0.178409203125 0.5160036703124999 0.1903947875 0.4962914328125 0.1913760875 0.47756712968750004 0.16730987343749998 0.45909478437500006 0.137663059375 0.4575410609375
1 0.11171817656250001 0.11665353593750001 0.1058104765625 0.1398135921875 0.1218295734375 0.1625581375 0.13866641875000002 0.1696990953125 0.17060956562500001 0.15729136562499998 0.178241175 0.13109236875000002 0.1605799453125 0.1098264078125 0.1263338296875 0.106467 0.11171817656250001 0.11665353593750001
1 0.12298769218750001 0.20017029375 0.1220063921875 0.2188945984375 0.1323564796875 0.2303895328125 0.155516534375 0.2362972328125 0.1747314875 0.22791637968749998 0.1775184703125 0.204592775 0.164292990625 0.1882532140625 0.13784866875 0.1853026828125 0.12298769218750001 0.20017029375
1 0.23630154375 0.12787660625 0.23835255156250001 0.11859622968750001 0.228166015625 0.10398057812499999 0.2204459984375 0.10201134375000001 0.2091146125 0.1092407125 0.2142929734375 0.129852475 0.23630154375 0.12787660625
1 0.8851720515625001 0.19630464375 0.897327821875 0.20320027812500002 0.9116981484375 0.19769481718749998 0.9121887984375 0.188332665625 0.9016751624999999 0.1799584484375 0.8923947859375 0.1779074390625 0.8841023421875001 0.1868607171875 0.8851720515625001 0.19630464375
1 0.8790036015625 0.522992025 0.8841753265625 0.5138751984375001 0.881627034375 0.5027891375 0.86766558125 0.5004928046875 0.8594549140625001 0.5078857234374999 0.8619214312500001 0.5205321421875 0.8790036015625 0.522992025
1 0.8652587781250001 0.7554036890625 0.8705122781249999 0.744726503125 0.863119359375 0.7365158359375 0.84431328125 0.7370948953124999 0.84374085625 0.74801740625 0.8558148515624999 0.7564733984374999 0.8652587781250001 0.7554036890625
1 0.49743843749999994 0.4294567609375 0.5031008124999999 0.41097778281249997 0.48954823437500006 0.40087965625 0.46105290312499997 0.4072095 0.4573597625 0.4179684609375 0.46598593906249997 0.43250233906249996 0.49743843749999994 0.4294567609375
1 0.12040406875000001 0.3987447171875 0.116302053125 0.4173054703125 0.123449646875 0.43019721562499996 0.148333609375 0.43306597187499996 0.1580228609375 0.42731518749999997 0.161879553125 0.413435509375 0.1503779828125 0.39405700625 0.1285329625 0.3929121578125 0.12040406875000001 0.3987447171875
0 0.9032312093750001 0.89664708125 0.93065683125 0.8808733109375 0.9564336843750001 0.836849534375 0.961435225 0.8011248343749999 0.9551871546875 0.7710691453125 0.9013857171874999 0.722874846875 0.85079340625 0.7030123296874999 0.803982646875 0.70055908125 0.7547937796874999 0.7136276453125 0.7219511078124999 0.7431993203125 0.7098837484375 0.7644719156249999 0.7025858734375 0.81415806875 0.7117911109375 0.8474980249999999 0.7410356859375 0.8865821296874999 0.7866198203125 0.9124407578125 0.8410688234375 0.9184235984375 0.9032312093750001 0.89664708125
0 0.8873977234374999 0.6016641578125 0.93625285625 0.5651084390625 0.951604484375 0.540878675 0.9590659078125 0.48807180624999996 0.9476394765625 0.4374043546875 0.9138773765625 0.39495420625 0.8727289921875 0.3740219796875 0.830681084375 0.3702536984375 0.781410440625 0.3848826203125 0.7636740718749999 0.39490560625 0.723690440625 0.44131412656249996 0.714832209375 0.49091850312499996 0.7261768640625 0.5431463125 0.7615810984375 0.584117878125 0.7950094640625001 0.603080871875 0.8368938234375 0.6099698703125 0.8873977234374999 0.6016641578125
0 0.9225587890625 0.28901336875 0.963775678125 0.2489280578125 0.978139371875 0.213694009375 0.9787869359375 0.17148254999999998 0.9639126890625 0.12689298437500002 0.9252241874999999 0.0888785875 0.883830478125 0.0726274359375 0.8339807765625 0.0684502796875 0.7880761765625001 0.078561675 0.7554788296875 0.1034522734375 0.73298624375 0.1445188828125 0.727494053125 0.189605734375 0.7390840328125 0.23715246875 0.777527209375 0.27984794062499996 0.8217963109375 0.3009437171875 0.8716460140625 0.30512087499999996 0.9225587890625 0.28901336875
0 0.6003005234375001 0.25804272968749997 0.6256685015625 0.22182074687500003 0.6370750265625 0.1833024296875 0.6344383234375 0.1440481390625 0.6148012265625 0.10077360625000001 0.5714316484374999 0.062513884375 0.52831403125 0.049301675 0.48774470625 0.0471755265625 0.43215085468750003 0.0630377078125 0.39561504062499997 0.10336834375 0.3806789234375 0.149524903125 0.3833156265625 0.18877919375000002 0.4176567875 0.250035421875 0.46324092187500004 0.2758940484375 0.5002806546875 0.285658440625 0.556862440625 0.2808005453125 0.6003005234375001 0.25804272968749997
0 0.5484727984375 0.59016043125 0.5840273125000001 0.5685541 0.6127613328125 0.527814590625 0.6217831140625 0.475089496875 0.6012398578125 0.4192503203125 0.5730649921875 0.389610140625 0.520994096875 0.3681054890625 0.47894618906249997 0.3643372078125 0.42171020312499996 0.38167797187499997 0.3919064734375 0.41297355468749997 0.37253460625 0.45420371406250004 0.37106265625 0.4822901703125 0.3830615109375 0.5220351109375 0.40483139218749997 0.5544689078125 0.44236840937500005 0.5845997359374999 0.4809685015625 0.594445903125 0.5484727984375 0.59016043125
0 0.5520687390625 0.87980808125 0.569968659375 0.8666643781250001 0.5975511953125 0.8180413 0.6016465765625 0.76975195625 0.5797065109374999 0.7107102875 0.5378155171875 0.6740927 0.5162975953125 0.666706415625 0.4489568484375 0.66787116875 0.40716089999999994 0.6891504015625001 0.3756332625 0.7234849265625 0.3615148953125 0.7540378999999999 0.36128283906249997 0.8181761546875 0.382562071875 0.859972103125 0.4156633375 0.88517653125 0.4508156125 0.9011005828125 0.49606601250000004 0.9034720546875 0.5520687390625 0.87980808125
0 0.1319300234375 0.89534100625 0.1790678828125 0.8915528203124999 0.2047695953125 0.8788179906250001 0.23753049218750003 0.850806675 0.259777753125 0.8144211421875 0.2653517171875 0.7677739328125 0.2577886140625 0.7329553921875 0.22106934687500002 0.6872209781249999 0.1752398859375 0.666043425 0.12382982499999999 0.66178449375 0.08580879375 0.67074440625 0.043849295312499995 0.6951443546875 0.0168391828125 0.732844921875 0.0094529 0.75436284375 0.009623084375 0.780970715625 0.0226916484375 0.8301595828125 0.040271103125 0.852985903125 0.079368478125 0.8831985078125 0.1319300234375 0.89534100625
0 0.1911506671875 0.571433971875 0.2248177234375 0.5559873015625 0.2711245625 0.508345521875 0.284500321875 0.4621071875 0.2798059765625 0.402404684375 0.25335501875 0.3697255625 0.2152455765625 0.35051724375000004 0.15299478125 0.3441255296875 0.1214605078125 0.348731465625 0.0896809109375 0.358018478125 0.045670403124999995 0.391698803125 0.024002203125 0.446890415625 0.026802454687499998 0.4830239890625 0.043645935937500005 0.5198935375 0.088575871875 0.558235034375 0.1301331296875 0.5713654671875 0.1911506671875 0.571433971875
0 0.24601733593750003 0.2410401796875 0.27245502187500004 0.214262121875 0.291663340625 0.17615267968749998 0.29271977968749996 0.126139428125 0.2776819828125 0.0846705796875 0.2559121015625 0.05223678281250001 0.218293309375 0.0236663125 0.198335746875 0.016361803124999998 0.1516067625 0.012348196875 0.091086509375 0.0326461296875 0.0531538875 0.069774271875 0.035015278125 0.11732764062500001 0.036091621875 0.15650015625 0.067475615625 0.2144721171875 0.1034522734375 0.2445211703125 0.1682513625 0.2619989453125 0.21078992031250002 0.256405075 0.24601733593750003 0.2410401796875