1 0.37684175937500003 0.5691304390624999 0.425956575 0.59330133125 0.46338979843750006 0.5870316437499999 0.4956224984375 0.5492959734375 0.5009089624999999 0.49486339375000005 0.46582641406249997 0.4040370984375 0.4503663453125 0.37118488125 0.457797121875 0.2719756203125 0.4402338109375 0.1986656359375 0.4129725984375 0.1582499140625 0.35772615625 0.147466725 0.2686973171875 0.1758614921875 0.239388890625 0.19997891406249999 0.2212411859375 0.23376247656250002 0.211740559375 0.355538575 0.1984425109375 0.3975601875 0.2040695296875 0.4158488203125 0.213429528125 0.41600994687500004 0.3148813875 0.50999706875 0.3244819375 0.50671815625 0.37684175937500003 0.5691304390624999
1 0.78532168125 0.41147645781250003 0.8007187609375 0.39807880625 0.8124712234375 0.37477779375 0.8149741640625001 0.3527596921875 0.8163068828125001 0.3268019265625 0.8066524968750001 0.306345828125 0.7926890656250001 0.29234236406249997 0.7716313046875001 0.27639710625 0.7458632125 0.27266552499999996 0.707145490625 0.2680284171875 0.6663075953125001 0.26613760468750003 0.6380063921875 0.2641585921875 0.600814671875 0.272171246875 0.5751238140625 0.27423416875 0.554833321875 0.2679910671875 0.532313409375 0.25917994375000003 0.5125824671875 0.263167984375 0.5068190140625 0.2791079015625 0.49798427500000003 0.32962875 0.5125085953124999 0.3769603375 0.5313503203125001 0.376348178125 0.5628645765625 0.37372761875 0.610615634375 0.44219722656249993 0.6360699421875 0.443494740625 0.7015006828125 0.4176757515625 0.760188134375 0.419367453125 0.78532168125 0.41147645781250003
1 0.4168869625 0.7108847828125 0.40692442812499996 0.6545165828124999 0.37818734374999996 0.6014733999999999 0.32969654843749996 0.55632775625 0.300122521875 0.5436557828125 0.2714537890625 0.5435055875 0.21288655156249997 0.588589340625 0.165642940625 0.6581898984375 0.16781771875 0.7312461265625 0.1881984796875 0.7996109125 0.240571846875 0.8271328984374999 0.2695635515625 0.829160196875 0.3248152046875 0.7965709078125001 0.36265851875 0.7667411859375 0.4009426125 0.7495354625 0.4168869625 0.7108847828125
1 0.1883735875 0.49408826406250006 0.1878338671875 0.5112815609375 0.2044596609375 0.519735346875 0.2242731203125 0.5204582875 0.2365824 0.5054115375 0.23326003437499998 0.48662150937500004 0.2193636515625 0.47703504375000005 0.2075958671875 0.474885490625 0.201677675 0.4757012078125 0.1883735875 0.49408826406250006
1 0.56326803125 0.765008903125 0.588196946875 0.7852659515625 0.6183742796875 0.82664995 0.6480389843750001 0.8433114046875 0.6959717765625 0.8472254984375001 0.730092421875 0.8322175140624999 0.7716315953125 0.8233403906250001 0.7909329703125 0.8359111578125 0.7959811375 0.827848346875 0.7882434125 0.794206328125 0.7868928140625 0.7413724765625 0.8076825171875001 0.7086022421875 0.8126069156250001 0.6702335359375 0.8056125656249999 0.62598315625 0.7831433296875 0.5705510640625 0.781932709375 0.5317533562500001 0.733046228125 0.50140521875 0.6807632609375001 0.5196290984374999 0.6134252359375 0.5687812546875 0.5726561828125 0.6708469140625 0.5255711 0.7029014453125 0.4838977390625 0.70921765625 0.46733055468750007 0.73417434375 0.47063324531250006 0.7590919890625 0.48432688125 0.7796864375 0.512569546875 0.77661155625 0.5328730234375 0.7668102296875 0.5543819703125 0.7638267875 0.54537885 0.7643187109375 0.5311500109375 0.7593969796875 0.56326803125 0.765008903125
1 0.39768793593749996 0.8255122531250001 0.423942934375 0.8207351968750001 0.4348881828125 0.7950454953125 0.4264116140625 0.7781740390625 0.401732028125 0.77249489375 0.38523989531249997 0.7854698171875001 0.38172991562499997 0.8065904843749999 0.39768793593749996 0.8255122531250001
1 0.47113375937499996 0.8291224937499999 0.47317733906250004 0.8435094671875 0.48590317968749996 0.8505048421874999 0.50121875625 0.8495396015625 0.5112788593750001 0.836508053125 0.5105655703124999 0.8176341953125 0.5012284140625 0.8057899531249999 0.4882547203125 0.8023390484374999 0.47938887656249995 0.807162034375 0.47113375937499996 0.8291224937499999
1 0.5353910453124999 0.8478598734375 0.5460583859375 0.855218790625 0.55826823125 0.8550560468749999 0.5669872828125 0.839385459375 0.5597441562500001 0.8266695421874999 0.5501592546875 0.8183682109375001 0.542559675 0.8217478874999999 0.534217471875 0.8355683796875001 0.5353910453124999 0.8478598734375
1 0.775035109375 0.8376548640625 0.7503737734375 0.8400920765625 0.691467646875 0.855213578125 0.6936528109375 0.8675758078125 0.70959054375 0.8722505187499999 0.71451623125 0.8817532031249999 0.75447490625 0.8845473859374999 0.7524558796874999 0.8625294734375 0.7574689984375 0.8562670406249999 0.7709326812499999 0.874505334375 0.7996727078125 0.8632874984375001 0.775035109375 0.8376548640625
1 0.177831925 0.1877598390625 0.20782968125 0.222281784375 0.221377153125 0.2171016890625 0.21770852812500002 0.202232996875 0.2261242328125 0.18962370625 0.273712353125 0.1623142609375 0.2680372828125 0.149192675 0.22262387499999997 0.15214448593750002 0.20307755312500003 0.1757572734375 0.179657240625 0.18071845312499998 0.177831925 0.1877598390625
1 0.816890696875 0.5159032921875 0.82303301875 0.5027434515625 0.802975265625 0.4908872875 0.8263178312499999 0.463249821875 0.820075384375 0.43302042187499995 0.8057962375000001 0.41320577812500003 0.7635681359375 0.41966019218749995 0.7480106656250001 0.4405257859375 0.715235565625 0.4387555109375 0.6949818890625 0.45133896250000005 0.70024948125 0.49624862187499996 0.74651424375 0.48432496875000003 0.7528907078125 0.50515645 0.76953034375 0.513636265625 0.792098540625 0.5418715109375001 0.788093125 0.56929328125 0.8042848578124999 0.5766970437500001 0.8160504546875 0.55034106875 0.8312903281249999 0.5414763046875 0.816890696875 0.5159032921875
1 0.502179878125 0.4720965890625 0.5240805171875 0.4698955015625 0.5318491296875 0.4520924828125 0.5163456296875 0.43390577343750003 0.506410303125 0.43478204218750005 0.49365883125 0.44289198750000003 0.49089519062500003 0.4557586734375 0.502179878125 0.4720965890625
1 0.520429259375 0.5265459875 0.5194122328125 0.541090159375 0.5224640734375 0.55964981875 0.53422485 0.569179359375 0.550811896875 0.5718930234374999 0.57017688125 0.55707808125 0.570715159375 0.5316176718750001 0.560644825 0.51567636875 0.5397977265625 0.5128684328124999 0.520429259375 0.5265459875
1 0.5232702984375 0.42817172187499997 0.5279264390625 0.4104611875 0.5131304437499999 0.405340034375 0.5092868187499999 0.42377306875 0.5232702984375 0.42817172187499997
1 0.48475731875 0.379145453125 0.4841358546875 0.3613775703125 0.4695520015625 0.361891190625 0.46768856718749996 0.3788854140625 0.48475731875 0.379145453125
1 0.794662378125 0.25083985468750003 0.7796292890625 0.263467271875 0.791247978125 0.28094219374999996 0.811169315625 0.288522175 0.817789621875 0.261851828125 0.794662378125 0.25083985468750003
1 0.5920199640625 0.20718852656250003 0.5926536421875 0.22359456875 0.6148092078125 0.23062750781250002 0.6126568828125001 0.21439094218750002 0.6066493359375 0.206292775 0.5920199640625 0.20718852656250003
1 0.6838882546875 0.20630415468750002 0.6720602125 0.2163504203125 0.6780253984375 0.2302958125 0.69147536875 0.2312363265625 0.6959412859375 0.2143645671875 0.6838882546875 0.20630415468750002
1 0.703896409375 0.214098528125 0.70167049375 0.22646556874999998 0.70604735 0.23700749999999998 0.71626943125 0.23187367499999997 0.715909146875 0.2161273734375 0.703896409375 0.214098528125
1 0.47861192187499996 0.5931819046875 0.47325724375 0.6071063624999999 0.48652507968750003 0.612734653125 0.481779728125 0.625650721875 0.4893558515625 0.6394283921875 0.506103190625 0.638035421875 0.49427962656249996 0.6239607421875 0.493896734375 0.611113675 0.50097465625 0.59537061875 0.48382394375000004 0.590324453125 0.47861192187499996 0.5931819046875
1 0.43683354375 0.6212265328125001 0.42721087031250005 0.6184156296875 0.4203403875 0.6248755421875 0.42223158749999995 0.659092378125 0.43210146875 0.6644830609375 0.437644403125 0.658461296875 0.43683354375 0.6212265328125001
1 0.1608629390625 0.78559180625 0.15529157031250002 0.7658801515625 0.14013232343749998 0.7708144031249999 0.14286461875 0.7889711015625 0.1608629390625 0.78559180625
1 0.1761250578125 0.826852259375 0.20151336875 0.8116220953125 0.18543514375 0.7995711796875 0.1521790109375 0.81590206875 0.1579116921875 0.8333068578124999 0.17317439375000002 0.8359200828125 0.1761250578125 0.826852259375
1 0.3072504328125 0.8510925265625 0.30626973125 0.8374988140624999 0.31831576875 0.836408321875 0.312921321875 0.8252094328125 0.281834796875 0.8294857375 0.2900788390625 0.8371388312500001 0.29231888437500003 0.8492762171875 0.3072504328125 0.8510925265625
0 0.49453125 0.50234375 0.7640625 0.8015625