1 0.2190953125 0.2188890625 0.2033484375 0.25385625 0.20236562500000002 0.3759984375 0.19203125000000001 0.41884531249999996 0.1989203125 0.436696875 0.20826875 0.43620468749999997 0.3160296875 0.5228859375 0.32537812499999996 0.5189453125 0.3819640625 0.577553125 0.43264531249999993 0.5982390625 0.46955 0.5893734375 0.499071875 0.54948125 0.5005484375 0.4948125 0.459215625 0.4066546875 0.44150156249999994 0.3749609375 0.44199374999999996 0.275475 0.419359375 0.20356875 0.38934531250000004 0.16515312499999998 0.33348125 0.15825 0.24664999999999998 0.1927859375 0.2190953125 0.2188890625
1 0.4861046875 0.33018437500000003 0.5038953125 0.3763875 0.5226484375 0.37446250000000003 0.5539031249999999 0.36965 0.6063140625 0.43462187500000005 0.631796875 0.43414062500000006 0.6952671875 0.4038203125 0.7539296875 0.40141406249999995 0.7784515625 0.3917890625 0.7928765624999999 0.37734999999999996 0.802975 0.35328593750000004 0.8039359375 0.331146875 0.8034546875 0.305159375 0.792396875 0.2854265625 0.777490625 0.27243125 0.755371875 0.25799375 0.72940625 0.25606874999999996 0.690459375 0.25414375 0.6495890625 0.25510625 0.6212187499999999 0.25510625 0.5846765625 0.26569375 0.5591921875 0.26954375 0.5385156249999999 0.26473125 0.5154359375 0.2575125 0.49603125 0.26286718750000004 0.49139375 0.2791703125 0.4861046875 0.33018437500000003
1 0.1774921875 0.6811281250000001 0.1847578125 0.7538546875 0.2098578125 0.8206312499999999 0.2640234375 0.8444328125 0.2930859375 0.8444328125 0.3459296875 0.80806875 0.3816 0.775671875 0.41859062500000005 0.7558374999999999 0.43179999999999996 0.71616875 0.41792968750000004 0.6606328125 0.3855625 0.6097234375 0.334040625 0.5680703125 0.3036546875 0.5574921875000001 0.27504531249999997 0.5593421875 0.21976562500000002 0.6084015625 0.1774921875 0.6811281250000001
1 0.18938125 0.5330296875 0.20655625 0.540303125 0.22637187499999997 0.5396421874999999 0.2376015625 0.5237734374999999 0.23297656249999998 0.5052609375 0.21844531250000002 0.49666718750000005 0.20655625 0.49534374999999997 0.20070937500000002 0.4965703125 0.18872031250000001 0.5158406249999999 0.18938125 0.5330296875
1 0.48374531249999997 0.7358828125 0.48877812499999995 0.760509375 0.5038750000000001 0.7800984375 0.5318343750000001 0.7750609374999999 0.5514046875 0.7638671875 0.572653125 0.759390625 0.56370625 0.760509375 0.54916875 0.7565921875 0.5816 0.75995 0.6078812499999999 0.7784187499999999 0.640871875 0.8175968749999999 0.6716265625 0.8321484375000001 0.719715625 0.832709375 0.75270625 0.8153578125 0.793525 0.8036046875 0.81365625 0.8147984375 0.8181296874999999 0.8064031249999999 0.8080640625 0.7733828125 0.8030312500000001 0.720771875 0.821484375 0.68663125 0.8237203125000001 0.6480125 0.81365625 0.6043578125 0.787375 0.550628125 0.7834609375 0.512009375 0.7325765625 0.4851453125 0.6816921875 0.506971875 0.617946875 0.5607015625 0.584396875 0.6653625 0.5396625 0.7006234375 0.49853125 0.7098312499999999 0.48374531249999997 0.7358828125
1 0.40340468749999997 0.81409375 0.42064375 0.8318562500000001 0.44650156250000006 0.8252593750000001 0.45562812499999994 0.79886875 0.4459953125 0.7826296875 0.42097968750000003 0.7786859374999999 0.40543281249999996 0.7927796875 0.40340468749999997 0.81409375
1 0.4972046875 0.84454375 0.5103875 0.8506343749999999 0.5255984375 0.848603125 0.534725 0.8349015625 0.532696875 0.8161234374999999 0.5225562499999999 0.8049593749999999 0.5093734375000001 0.802421875 0.500865625 0.8078515625 0.4941625 0.830334375 0.4972046875 0.84454375
1 0.5595703125 0.84454375 0.570725 0.851140625 0.58289375 0.8501265625000001 0.5904984375 0.8338859375000001 0.5823859375 0.8217062500000001 0.5722453125 0.81409375 0.5649 0.8179953125000001 0.5575421875 0.8323640625 0.5595703125 0.84454375
1 0.7188218749999999 0.8531718749999999 0.735046875 0.8567234375 0.7406234375 0.865859375 0.7806796874999999 0.865859375 0.7771296875 0.8440359374999999 0.78169375 0.8374390625 0.796396875 0.85469375 0.8242843750000001 0.8414984375 0.79791875 0.817646875 0.7734875 0.8217984375 0.7157796875 0.8409921875 0.7188218749999999 0.8531718749999999
1 0.20232187499999998 0.2372265625 0.197625 0.22265000000000001 0.205140625 0.209484375 0.2507078125 0.178921875 0.24413125 0.166228125 0.199034375 0.172340625 0.18118281249999998 0.197259375 0.158165625 0.2038421875 0.1568359375 0.21099375 0.18916875 0.24333906249999998 0.20232187499999998 0.2372265625
1 0.7448203125 0.4671671875 0.752634375 0.48750312500000004 0.769825 0.4948015625 0.7943078125 0.52139375 0.792225 0.549028125 0.80889375 0.555284375 0.8187921875 0.528171875 0.8333765625 0.518265625 0.817228125 0.49375937499999994 0.8224375 0.48020312499999995 0.8016015624999999 0.469775 0.8229593749999999 0.4405765625 0.8146234375000001 0.41085625 0.798996875 0.3920859375 0.7573218749999999 0.4014703125 0.7432578125 0.4233703125 0.7104390625 0.423890625 0.6911125 0.43785625 0.6995 0.48228906250000003 0.7448203125 0.4671671875
1 0.48783125 0.4565015625 0.500228125 0.47201250000000006 0.521921875 0.46828906249999996 0.5284296875 0.44998750000000004 0.5116953125 0.43292656249999995 0.5018453125 0.43449375 0.489690625 0.44347343749999996 0.48783125 0.4565015625
1 0.52223125 0.5396359375 0.5265703125 0.5579375 0.5389671875000001 0.5666234375 0.555703125 0.5681734374999999 0.5739875 0.5520437499999999 0.5727484375 0.5266078125 0.561590625 0.5114078125 0.5405984375 0.5100609375 0.52223125 0.52505625 0.52223125 0.5396359375
1 0.518203125 0.4267234375 0.5216125 0.40873125000000005 0.5064953125 0.4046546875 0.503946875 0.4233109375 0.518203125 0.4267234375
1 0.47636406249999996 0.380503125 0.47450468749999997 0.36282187499999996 0.4599921875 0.3643515625 0.45931875 0.381434375 0.47636406249999996 0.380503125
1 0.7752578125 0.26115937499999997 0.795659375 0.26733125 0.8004031250000001 0.24026406250000001 0.7765640625 0.23089218749999998 0.7624484375 0.2445375 0.7752578125 0.26115937499999997
1 0.5957390625000001 0.22327499999999997 0.592459375 0.207228125 0.5859015624999999 0.19956875000000002 0.5713703125 0.20148281250000002 0.5731468750000001 0.2178046875 0.5957390625000001 0.22327499999999997
1 0.658778125 0.218534375 0.6722609375 0.218534375 0.6755390625000001 0.2013921875 0.662953125 0.1941921875 0.6518546875 0.20503906249999998 0.658778125 0.218534375
1 0.6872 0.22327499999999997 0.6970390625 0.217440625 0.69558125 0.2017578125 0.68345625 0.200571875 0.6820984375 0.21306406249999998 0.6872 0.22327499999999997
1 0.494421875 0.6134000000000001 0.49058906249999995 0.626615625 0.49910781249999997 0.6398312500000001 0.5157171875000001 0.6372734375 0.502940625 0.6240578125 0.5016625 0.61126875 0.507625 0.5950703125000001 0.4901640625 0.5912328125 0.4851640625 0.594446875 0.48079375 0.6087109374999999 0.494421875 0.6134000000000001
1 0.44374062500000006 0.66881875 0.44885 0.662425 0.44544375 0.6253375 0.4356484375 0.6232046875 0.4292453125 0.6301281249999999 0.43351875 0.6641296875 0.44374062500000006 0.66881875
1 0.18161093749999999 0.8085531250000001 0.174678125 0.7892781249999999 0.1599 0.7952578124999999 0.1638921875 0.8131796874999999 0.18161093749999999 0.8085531250000001
1 0.1819953125 0.8563578125 0.19740312499999998 0.8579000000000001 0.19971406249999998 0.8486484375 0.223978125 0.831684375 0.2070984375 0.820784375 0.1750625 0.8393953125 0.1819953125 0.8563578125
1 0.3171890625 0.8629125 0.3322109375 0.8636828124999999 0.330284375 0.850190625 0.342225 0.8482625 0.33606250000000004 0.8374671875 0.30535 0.8439015624999999 0.31410781249999997 0.8509609375 0.3171890625 0.8629125
0 0.49479687500000014 0.502609375 0.7125000000000001 0.7532343750000001