1 0.5920868875 0.3929160375 0.537667125 0.38700108437499997 0.5046357609375 0.40569557968750003 0.487253290625 0.45217974375000003 0.5009026765625 0.505137715625 0.5649339125 0.5784875765625 0.5906977437500001 0.60407090625 0.6176466640625 0.6998385921875 0.6592242703125 0.7627204375 0.6986644203125 0.791374909375 0.7542671624999999 0.7826123968750001 0.828215321875 0.7254803859375001 0.8475075921874999 0.6927933515625 0.8530061968749999 0.65484030625 0.8202839875000001 0.5371588 0.8184078265625001 0.4931232 0.8068650765625 0.47786206093750005 0.798014446875 0.48091195937500003 0.6705353953125 0.427291534375 0.6626352843750001 0.43365628437500003 0.5920868875 0.3929160375
1 0.26216215625 0.6807706812500001 0.2522759 0.69862646875 0.24920161406250002 0.7245418359375 0.2543802546875 0.7460881390625 0.2620059875 0.7709362765625001 0.2780745390625 0.786856728125 0.2959853390625 0.7952399046874999 0.3212267609375 0.8030213671875 0.3467171234375 0.7977147 0.3846858640625 0.7888299140624999 0.42370762968750003 0.776639315625 0.450978925 0.768819396875 0.48318721875000004 0.7485696468749999 0.50662316875 0.73784434375 0.5278252609375 0.7367711828125 0.5520006375000001 0.7373486671875 0.56917766875 0.726852753125 0.5691417703125 0.7099029156250001 0.5601645609375 0.6594071890625 0.5303278078125 0.6198976546875 0.5128317484375 0.6269171453125 0.4841143203125 0.6401581765625 0.41582501718750003 0.5921496140625 0.391462015625 0.5996362359375 0.338807846875 0.64627678125 0.283081084375 0.66475939375 0.26216215625 0.6807706812500001
1 0.505973865625 0.27340679375 0.53461464375 0.3229681859375 0.5797605078125 0.3629838125 0.64076766875 0.38882201250000004 0.6728922328125 0.39061485937499996 0.6998834 0.3809507125 0.7394990499999999 0.31855466875 0.7600887296875001 0.2369932703125 0.7330584046874999 0.1690866890625 0.6905246218750001 0.11181543593750001 0.63189668125 0.10386597500000001 0.6039600125 0.1118766859375 0.5631866343749999 0.161397778125 0.5378279187499999 0.20237172343749998 0.5077373421875 0.2316337453125 0.505973865625 0.27340679375
1 0.794854971875 0.3989727046875 0.789481690625 0.3826316953125 0.770967190625 0.380374090625 0.7521013671875 0.38647135 0.7456807203125 0.40482069374999996 0.7552292921875 0.421341228125 0.771566384375 0.42559671562499996 0.7833596734375 0.42359181562500003 0.7886419640625 0.42080114999999996 0.794854971875 0.3989727046875
1 0.349909115625 0.2726120296875 0.319555278125 0.2621028234375 0.2770437 0.23353584062500002 0.24346944218750002 0.22802512187500001 0.19708865312499999 0.24074105625 0.17015876875 0.266513896875 0.1341608671875 0.2890628984375 0.11172405156250001 0.2838517 0.10973797031250002 0.2931548390625 0.1285153015625 0.3221215375 0.147854690625 0.3713071859375 0.139526840625 0.40921163125 0.14802228906249998 0.4469506640625 0.16972935 0.4861402109375 0.2098024171875 0.5305444078125 0.2242096265625 0.5665882718749999 0.28052756562500003 0.57838603125 0.32342455000000003 0.5433793578125 0.36989056875 0.47416047812500006 0.37329243437500004 0.36430629375 0.40657464374999996 0.318080840625 0.443574521875 0.2978924140625 0.45060689375 0.2687744890625 0.43898104375 0.24648914843749997 0.41906951875000004 0.2318201953125 0.39358176562499997 0.2443692 0.3778549890625 0.26052363125 0.3586635875 0.27068364375 0.36695550625 0.2671421390625 0.382009571875 0.266900503125 0.349909115625 0.2726120296875
1 0.48481014375000003 0.1591257515625 0.4617723640625 0.172594453125 0.4602735921875 0.200478371875 0.47400933749999996 0.21343319843750003 0.4991429453125 0.21032893281249998 0.510202796875 0.1924958515625 0.506277403125 0.1714484328125 0.48481014375000003 0.1591257515625
1 0.414558871875 0.1808531859375 0.4077178984375 0.16803279843750002 0.3933669625 0.1658117890625 0.379305159375 0.1719570546875 0.37430880625 0.1876434625 0.38143431875 0.205135128125 0.3942593453125 0.2130715796875 0.4076309078125 0.2118771046875 0.4143125171875 0.2043126828125 0.414558871875 0.1808531859375
1 0.3477682125 0.18522309374999998 0.33522729375 0.18195641875 0.323809453125 0.1862853609375 0.32097588125 0.2039929875 0.33213129375 0.213464746875 0.343977378125 0.217987215625 0.349962728125 0.2122121515625 0.3530749484375 0.196371934375 0.3477682125 0.18522309374999998
1 0.12606677187499998 0.2767757625 0.148407271875 0.266050859375 0.1985890671875 0.23169421406250001 0.19230755156249998 0.2208248875 0.1757321375 0.221883121875 0.16785339531250001 0.2146382046875 0.12934885625 0.22567920312499998 0.138776690625 0.24567872500000001 0.1362077765625 0.253278075 0.117318190625 0.2407445359375 0.094148125 0.2611155203125 0.12606677187499998 0.2767757625
1 0.9095313875000001 0.683221803125 0.8695355171875001 0.6610416234375001 0.8585767546874999 0.6705428296875 0.8671095265625001 0.6832600859375 0.86351398125 0.697987284375 0.82813615625 0.7399258640624999 0.837956825 0.7503151328125 0.879621890625 0.7320090375 0.8899133750000001 0.703135040625 0.9102244468749999 0.6904628374999999 0.9095313875000001 0.683221803125
1 0.1967809046875 0.5934387953125 0.195509940625 0.607905796875 0.218413109375 0.6121867921875 0.2059308421875 0.6461411421875 0.22213588906249998 0.6724124453125 0.242330903125 0.6861483625 0.2798048 0.6656403359375 0.2872875875 0.6407121234375001 0.31869157656249997 0.63116589375 0.33342001250000003 0.61241415 0.3131100875 0.5720144984375 0.2737135609375 0.5990425484374999 0.2605968578125 0.5816482390625 0.242060446875 0.5793709078125 0.21119625625 0.5605572343749999 0.20558131875000002 0.5334192671875 0.18783383125 0.5319999046875 0.185792059375 0.560790490625 0.1745031921875 0.5743329890625 0.1967809046875 0.5934387953125
1 0.5074951125 0.5269661921875 0.4876680609375 0.536524996875 0.48645694375000004 0.555911384375 0.5072456890625 0.567698790625 0.516282140625 0.5634772859375 0.5254908390625 0.5514951703125 0.5236871468750001 0.5384592203125 0.5074951125 0.5269661921875
1 0.4717235125 0.48204215 0.46770480625 0.4680272546875 0.4584892375 0.451630671875 0.44417842656250006 0.4466982546875 0.42766357343749994 0.44982134843750005 0.41453344843749995 0.47036605624999994 0.42273560625 0.49447511562499996 0.437650871875 0.506010784375 0.45820110625000005 0.5015192515625 0.4717235125 0.48204215
1 0.502699790625 0.5754554140625 0.5043818078125 0.593690365625 0.520037034375 0.593442146875 0.517344390625 0.5748061640625 0.502699790625 0.5754554140625
1 0.5556581234375 0.608352821875 0.5623190828125 0.6248366171875 0.5758477546874999 0.6193660000000001 0.5717864421875001 0.602759321875 0.5556581234375 0.608352821875
1 0.3083257265625 0.83491441875 0.31813337812500003 0.817906909375 0.30123860625 0.8054596796875 0.2799261671875 0.805150325 0.282826909375 0.83247653125 0.3083257265625 0.83491441875
1 0.513676940625 0.8066254624999999 0.50747028125 0.79142555625 0.48424545312499995 0.7923944046875 0.491821209375 0.8069156468750001 0.50023619375 0.8124707328125 0.513676940625 0.8066254624999999
1 0.427651459375 0.8388773046875 0.43533015781250006 0.825391475 0.4249551109375 0.81432730625 0.4119946 0.8180436734375001 0.413568490625 0.835425375 0.427651459375 0.8388773046875
1 0.4061841109375 0.8383961828125001 0.40404601093750003 0.8260136578124999 0.3963275578125 0.81760445625 0.388477815625 0.8259248296875 0.3942019234375 0.8405982890624999 0.4061841109375 0.8383961828125001
1 0.48822813125 0.4051224984375 0.48849743749999996 0.3902063796875 0.4741047625 0.389455384375 0.47414637812500005 0.37569524374999996 0.462314909375 0.36533965468749996 0.44705398281250003 0.372376546875 0.462978321875 0.38155852343749996 0.46773207812499995 0.393499859375 0.46646545 0.410714284375 0.4843077390625 0.40959024062499994 0.48822813125 0.4051224984375
1 0.5178951359374999 0.364480121875 0.527898878125 0.36383035937499997 0.5321455984375 0.3554101828125 0.51866560625 0.32390370156250003 0.507547228125 0.32221381718750003 0.5043981375000001 0.32976821875 0.5178951359374999 0.364480121875
1 0.7210064421875 0.11563977968750001 0.7329836000000001 0.1322571578125 0.7455410203125 0.122435709375 0.7367635453125 0.10630849375 0.7210064421875 0.11563977968750001
1 0.6925528359374999 0.082087590625 0.6739046515625 0.105082575 0.6931348953125 0.1109076546875 0.7187999453125 0.0841873734375 0.7074602 0.0697929140625 0.692224175 0.0725574359375 0.6925528359374999 0.082087590625
1 0.5610446296875 0.10415670937499999 0.5666155109375001 0.11659520000000001 0.555668909375 0.1217399140625 0.5645682765625 0.1304184203125 0.5923174718750001 0.1157677890625 0.5819530953125 0.1113958625 0.5756969093750001 0.100756590625 0.5610446296875 0.10415670937499999
0 0.5046875 0.49609375 0.8921875 0.9203125