1 0.4946057875 0.181231890625 0.4417220609375 0.1762895390625 0.39246949062500003 0.21556974687500002 0.37993374375 0.270171540625 0.38430336249999997 0.3044244703125 0.396177484375 0.34946306875 0.43527249531249995 0.39672978593749997 0.4938102953125 0.3612667765625 0.525569075 0.34024227812499996 0.546545640625 0.29684489531249997 0.5370869500000001 0.22495599687499998 0.4946057875 0.181231890625
1 0.56969614375 0.231562015625 0.5531942265625001 0.2532939765625 0.5448672328125 0.2749634546875 0.5525206796875 0.3124255171875 0.5794230640625 0.3237548484375 0.613419746875 0.32425307187499997 0.638435921875 0.2916165828125 0.6383686609375 0.25635839531250004 0.6006702500000001 0.2276455640625 0.56969614375 0.231562015625
1 0.8784235140625001 0.38113934375 0.8826536718750001 0.3575180390625 0.85801015625 0.330353728125 0.829852115625 0.3467831140625 0.8288524234375 0.3824797921875 0.8540834515625001 0.39693231562500003 0.8784235140625001 0.38113934375
1 0.8589595984375 0.42685330937500005 0.8475736046875 0.4452410265625 0.8604838625 0.476716059375 0.887806503125 0.49839217187499996 0.9186368125 0.48782845 0.9371456984375 0.44918736875 0.9314207234375 0.40515862656249996 0.8809969828125 0.407892034375 0.8589595984375 0.42685330937500005
1 0.738687665625 0.4873254359375 0.7712970343750001 0.504679796875 0.8038370968749999 0.49314187187499997 0.8219940875 0.45540513125000004 0.7958826625000001 0.42163828593749997 0.7544465328125 0.420800334375 0.73495053125 0.4489835734375 0.738687665625 0.4873254359375
1 0.7148643328125 0.5396249296875 0.6978070421875 0.5419430125 0.68583094375 0.572869578125 0.6787619968749999 0.6213399953125001 0.6899311796875 0.6592265484375 0.7418673328125001 0.6873402421875 0.7717661625 0.6553738046875 0.7812326328125 0.6055616265625 0.76244511875 0.5634443859375 0.7148643328125 0.5396249296875
1 0.52564856875 0.47862006875 0.545399303125 0.50753356875 0.5801909625 0.5030192921875 0.599390875 0.484920375 0.5972009093749999 0.4487304109375 0.5585478796875 0.43433872031250004 0.5305297234374999 0.45226547968749997 0.52564856875 0.47862006875
1 0.5553990328125 0.5298077 0.5394833015625 0.5655800546875 0.5696937671875 0.592459003125 0.606284328125 0.6026874249999999 0.6259259328125 0.5817184171875 0.6237181734374999 0.550327484375 0.5981262171874999 0.5256566328125001 0.5564711015625 0.531241859375 0.5553990328125 0.5298077
1 0.3693275453125 0.50507503125 0.4091314796875 0.518832959375 0.438151228125 0.5310447234375 0.46876336875 0.512270140625 0.47632456875000007 0.4935555140625 0.4602285484375 0.4666578828125 0.43022360624999995 0.441843778125 0.4105273109375 0.4408374515625 0.3784159109375 0.46385946875000006 0.3676898734375 0.4829926578125 0.3693275453125 0.50507503125
1 0.332183275 0.5316250640625 0.3144981703125 0.5476514625 0.30858471249999997 0.5743254109375 0.317278596875 0.6017544765625 0.3433208734375 0.6122762390625 0.3684821546875 0.6120274546875 0.3901688375 0.586426315625 0.3898186671875 0.55351591875 0.36746292812500003 0.5338196015625 0.332183275 0.5316250640625
1 0.5698216796875 0.7546211953124999 0.5597547875 0.7821111593750001 0.57680465625 0.8072151953125 0.6065358671875 0.8179162906249999 0.63801513125 0.8050414453125001 0.64842013125 0.7812944359375 0.6455565671875 0.7520146875 0.6221166671875 0.7316107078125 0.59210795 0.7318365 0.5883451671875 0.732528040625 0.5698216796875 0.7546211953124999
1 0.37532372187499996 0.6664938874999999 0.33692622031249997 0.670043390625 0.3221705328125 0.6963501171875001 0.314828828125 0.714521471875 0.3102935 0.7462433078124999 0.34942712343750004 0.7762589578125 0.39006335000000003 0.7754103921875 0.4122248953125 0.7441500578125 0.4131041234375 0.7166723515625 0.396223709375 0.6795116921875 0.37532372187499996 0.6664938874999999
1 0.4132943078125 0.6981326703125 0.4371474375 0.71793515 0.4713286375 0.7127461875 0.48280489375 0.6802037828125 0.46458501406249997 0.6596557 0.42923427031249994 0.6584671578125 0.41444374375 0.6767432624999999 0.4132943078125 0.6981326703125
1 0.3257829953125 0.4902270984375 0.34634335312500003 0.48629602343749995 0.353202934375 0.47244624375 0.354495075 0.45450345 0.3354717484375 0.44166246875 0.3182657515625 0.4451119140625 0.3067554625 0.4696425609375 0.3257829953125 0.4902270984375
1 0.250220684375 0.74407048125 0.263465396875 0.7328779796875 0.2626592875 0.715319328125 0.2364236515625 0.7019017703125 0.21458816875000003 0.71627153125 0.231242703125 0.7381538125 0.250220684375 0.74407048125
1 0.7581746593750001 0.396027421875 0.775998571875 0.38306520625 0.7739784515625 0.363251646875 0.75863645625 0.357053078125 0.74440839375 0.3664124796875 0.7367687015625 0.38533806406250004 0.7581746593750001 0.396027421875
1 0.47400113906249997 0.8159008359375 0.49492146562499995 0.8346869078125 0.5160980421875 0.8368845015625 0.5236075640625 0.8044499187499999 0.5040047015625 0.7934813015625 0.48535453593750005 0.7944446625 0.47400113906249997 0.8159008359375
1 0.4262271421875 0.783366615625 0.42187434062499996 0.7997627421875 0.443789746875 0.805445575 0.4587693 0.8020301953125 0.46264111874999997 0.78493923125 0.44596175000000005 0.7713937625 0.44596730312500005 0.7731402 0.4262271421875 0.783366615625
1 0.56378388125 0.347881221875 0.544908434375 0.35130834218749996 0.5462241953125 0.38037730000000003 0.5660213 0.38260231718750004 0.5811953125 0.3668640390625 0.56378388125 0.347881221875
1 0.531728925 0.40672351874999996 0.5403703234375 0.394882825 0.526539640625 0.38452235 0.5119981 0.38688280937499997 0.50745925625 0.3979374875 0.5170379375 0.409424678125 0.531728925 0.40672351874999996
1 0.643291384375 0.9126505171874999 0.6440885421875 0.89319664375 0.6280487140625 0.8830693374999999 0.61490313125 0.890859003125 0.611936321875 0.90919698125 0.6262626499999999 0.9214631421874999 0.643291384375 0.9126505171874999
1 0.66533703125 0.902941015625 0.674807028125 0.887939971875 0.6624038718749999 0.870217228125 0.644071471875 0.8733430234374999 0.6406139625 0.8909434765625001 0.64813988125 0.904675121875 0.66533703125 0.902941015625
1 0.41061291874999994 0.5933566296875 0.4275494234375 0.5874626015625 0.4249801953125 0.563923634375 0.40443148281249997 0.555621415625 0.38325539062499997 0.5655895531249999 0.38808558125000003 0.5851633234375 0.41061291874999994 0.5933566296875
1 0.29921875 0.603125 0.03125 0.0328125
1 0.6235964187499999 0.819010390625 0.6314298765624999 0.8363479328125001 0.65377304375 0.8368176593750001 0.6649081781249999 0.823417925 0.655863134375 0.8068935375 0.6345131515625 0.798722590625 0.6235964187499999 0.819010390625
1 0.361521309375 0.35473481875 0.356837140625 0.32618226093749997 0.339085940625 0.326956078125 0.33253212187500003 0.3454255375 0.3479929234375 0.3609609875 0.361521309375 0.35473481875
1 0.4250478484375 0.6169828578125001 0.43794754999999996 0.626473425 0.453730334375 0.6228635265625 0.45645169062499996 0.60410281875 0.4430203625 0.58952551875 0.4266034921875 0.5989426171875001 0.4250478484375 0.6169828578125001
1 0.495093415625 0.41616019531250004 0.47683396875 0.40300936875 0.4679049875 0.42633148906249996 0.474135828125 0.43666997500000004 0.495071728125 0.4365643875 0.495093415625 0.41616019531250004
1 0.56036404375 0.738012684375 0.5600886734375 0.7287254578125 0.554309259375 0.7253489625 0.543390671875 0.7255786359374999 0.5348158703125 0.7397195859375 0.5499030171875 0.7466156640625 0.56036404375 0.738012684375
1 0.21006713124999998 0.748725465625 0.2228832953125 0.752516603125 0.23139209843750003 0.74301870625 0.2300244578125 0.7315965359375001 0.2234730875 0.7239950921875 0.20912516406249998 0.7216427249999999 0.2043850390625 0.7365240843749999 0.21006713124999998 0.748725465625
1 0.5926828609375 0.6447318640625 0.5924702171875 0.6623844765625 0.609615309375 0.667381978125 0.61580811875 0.6537852187500001 0.60726285625 0.6446704015625 0.5947502203125 0.63961496875 0.5926828609375 0.6447318640625
0 0.55078125 0.53046875 0.8984375 0.9390625