1 0.30258124999999997 0.331884375 0.3194640625 0.36200625 0.3473453125 0.3993171875 0.4013 0.428496875 0.44229062499999994 0.3736875 0.46386093749999996 0.342296875 0.46705312499999996 0.29420156249999996 0.43135312499999995 0.231090625 0.3755859375 0.2064640625 0.3247015625 0.22169218750000003 0.29375 0.2765625 0.30258124999999997 0.331884375
1 0.456903125 0.25133125 0.45730000000000004 0.2745421875 0.4784296875 0.306409375 0.5076171875 0.3068359375 0.539325 0.2945625 0.55029375 0.25493125 0.5370234375 0.222265625 0.4913140625 0.209765625 0.4640625 0.225 0.456903125 0.25133125
1 0.7608828125 0.267846875 0.789690625 0.2717953125 0.8063421875 0.24803437499999997 0.801415625 0.22454843750000003 0.768390625 0.20859375 0.7484375 0.234375 0.7608828125 0.267846875
1 0.8054203125000001 0.2977109375 0.8017515625 0.319025 0.8255125 0.343371875 0.8589656250000001 0.353234375 0.88359375 0.331890625 0.8862796875000001 0.2891296875 0.864478125 0.2504515625 0.81875 0.271875 0.8054203125000001 0.2977109375
1 0.69873125 0.364684375 0.716559375 0.39883437499999996 0.7532953124999999 0.402709375 0.77914375 0.37982187500000003 0.7818421875 0.33803125 0.7449828125 0.3165046875 0.70625 0.33125 0.69873125 0.364684375
1 0.699115625 0.46478906249999996 0.699596875 0.49795 0.7112 0.5455390625 0.7357484375000001 0.5764828125 0.794434375 0.58309375 0.81018125 0.5422546875 0.8002984375000001 0.49252343749999994 0.7671015625 0.46051093749999994 0.7140625 0.45625 0.699115625 0.46478906249999996
1 0.510425 0.4443046875 0.515771875 0.47056875 0.544915625 0.48997812500000004 0.5754828125 0.472759375 0.5865046875 0.4487859375 0.5709171875 0.4160515625 0.5296875 0.4171875 0.510425 0.4443046875
1 0.5625312499999999 0.506884375 0.561175 0.5460140625000001 0.5992546875 0.55961875 0.6370125 0.5553953125 0.6473687499999999 0.5285953125 0.6335625 0.5003171875 0.6005921875 0.48702968750000003 0.5640625 0.5078125 0.5625312499999999 0.506884375
1 0.454284375 0.551953125 0.475634375 0.523078125 0.475634375 0.5028937499999999 0.45063437500000003 0.483984375 0.41351875 0.47221718749999997 0.3948796875 0.4786625 0.3737307140625 0.5120372843750001 0.370953125 0.5337953125 0.38074375 0.55365625 0.422803125 0.5515015625 0.454284375 0.551953125
1 0.34585625000000003 0.613671875 0.350365625 0.64061875 0.36870156249999997 0.66279375 0.3967890625 0.66279375 0.420025 0.6531374999999999 0.43054218750000006 0.6212765625000001 0.4178890625 0.59089375 0.3897828125 0.58100625 0.35625 0.5921875 0.34585625000000003 0.613671875
1 0.686296875 0.7560734375 0.7178718749999999 0.7548578125 0.7422359375 0.731128125 0.7429875 0.7052125 0.7293640625 0.6791375000000001 0.6999875 0.669 0.6722484859375 0.6804508140625 0.66901875 0.6825015624999999 0.6601203124999999 0.7099249999999999 0.661084375 0.739184375 0.686296875 0.7560734375
1 0.40867343749999996 0.74866875 0.40867343749999996 0.7682671875 0.41635156249999994 0.7993781249999999 0.46387968749999997 0.8125484374999999 0.5012390625 0.7965390625000001 0.5100765625 0.7592531250000001 0.5005984375 0.733446875 0.47102656249999997 0.705315625 0.44677187500000004 0.701075 0.4125 0.71875 0.40867343749999996 0.74866875
1 0.48688281250000004 0.6959234375000001 0.4938296875 0.7161859374999999 0.5233640625 0.7256109375 0.5531125 0.7079953125 0.5515625 0.6735234375 0.526971875 0.661296875 0.49375 0.6734375 0.48688281250000004 0.6959234375000001
1 0.3094546875 0.5442437499999999 0.33480781249999997 0.5562015625 0.3523984375 0.5448546875 0.3535703125 0.52944375 0.348046875 0.5123234375 0.3255984375 0.50754375 0.3109375 0.5171875 0.3094546875 0.5442437499999999
1 0.3163875 0.8074406249999999 0.34002656249999996 0.821490625 0.3598390625 0.8198671875000001 0.3679265625 0.804528125 0.3606015625 0.7885500000000001 0.33125 0.7859375 0.3163875 0.8074406249999999
1 0.67656875 0.2845828125 0.6765749999999999 0.3049921875 0.7004265625 0.306884375 0.7120968750000001 0.2881890625 0.7028015625 0.270575 0.6862546875 0.270575 0.67656875 0.2845828125
1 0.613653125 0.7706109375 0.596721875 0.778490625 0.5942328125 0.8026375 0.6206671874999999 0.8122187500000001 0.641125 0.8063234375 0.6359375 0.7734375 0.613653125 0.7706109375
1 0.5522218750000001 0.7734921875 0.5377500000000001 0.7903687500000001 0.5398562499999999 0.8072015625000001 0.5623046875 0.8042609374999999 0.5749140625 0.7954828125 0.5721015625 0.7781859375 0.5515625 0.771875 0.5522218750000001 0.7734921875
1 0.498046875 0.371771875 0.5172359375 0.36641875 0.525409375 0.34614218750000003 0.5021546875 0.3350640625 0.4859375 0.3453125 0.498046875 0.371771875
1 0.4686828125 0.402575 0.48186718749999996 0.4096375 0.49447656249999994 0.4016296875 0.49805312500000004 0.3874140625 0.4813484375 0.3829890625 0.46875 0.390625 0.4686828125 0.402575
1 0.7570734375 0.83746875 0.7749515625 0.843475 0.7874390625000001 0.8289249999999999 0.780890625 0.8105890625000001 0.762225 0.8072078125000001 0.7529546875 0.8193546875 0.7570734375 0.83746875
1 0.776825 0.8098015625 0.7889468749999999 0.8197140624999999 0.8042421875000001 0.8116640625 0.8074031250000001 0.7942078125 0.7892640625 0.782421875 0.7734375 0.7921875 0.776825 0.8098015625
1 0.4163265625 0.604546875 0.42813749999999995 0.6208859375 0.45209374999999996 0.62004375 0.4655890625 0.608234375 0.45438906250000005 0.587371875 0.4322265625 0.587371875 0.4163265625 0.604546875
1 0.3520625 0.67128125 0.02287499999999998 0.026937500000000014
1 0.759478125 0.726159375 0.736621875 0.72658125 0.7341 0.74948125 0.7478578125 0.762621875 0.76875 0.7546875 0.7740546875 0.7380921875 0.759478125 0.726159375
1 0.28597968749999997 0.3998359375 0.286821875 0.41941562499999996 0.3069765625 0.428028125 0.3171875 0.4171875 0.3021484375 0.39246875000000003 0.28597968749999997 0.3998359375
1 0.48070625 0.6043515625 0.4690125 0.6192328125000001 0.474328125 0.6365421875 0.48984375 0.6405093749999999 0.503125 0.63125 0.49862031250000005 0.6128359375 0.48070625 0.6043515625
1 0.4426453125 0.44371875000000005 0.4522953125 0.45097031249999997 0.47166718750000003 0.4430296875 0.46404375 0.42410312499999997 0.4421875 0.41875 0.4426453125 0.44371875000000005
1 0.62208125 0.709221875 0.638653125 0.7099640625 0.6451296875 0.69806875 0.6413953125 0.6895609375 0.634771875 0.6885953125000001 0.624734375 0.6928984375 0.62208125 0.709221875
1 0.31451406249999997 0.830040625 0.324353125 0.8392250000000001 0.33765625 0.8379390624999999 0.3419875 0.8259453125 0.336440625 0.8158671875 0.32751874999999997 0.8112734375 0.313334375 0.8144671875 0.31451406249999997 0.830040625
1 0.653646875 0.5939546874999999 0.6401515625 0.5939546874999999 0.6401515625 0.5994734375 0.6465671875 0.6159203125 0.6643359375 0.61413125 0.664984375 0.5992046875 0.653646875 0.5939546874999999
0 0.586625 0.508234375 0.7274218750000001 0.7383124999999999