1 0.3654174703125 0.2109848640625 0.31509554687499997 0.2279795515625 0.2860777859375 0.2838966328125 0.29683436093750004 0.3388766015625 0.314758128125 0.36839092500000004 0.3439245265625 0.40470609218750003 0.3988647015625 0.43198501250000004 0.4379175375 0.375778475 0.4583791921875 0.343654178125 0.4598909328125 0.295476759375 0.42201014062500003 0.233650178125 0.3654174703125 0.2109848640625
1 0.45448703124999995 0.22642172343750003 0.4482509640625 0.25298679218750003 0.449457646875 0.27616973906250003 0.4716866125 0.30728009843750004 0.50087121875 0.30668777187499996 0.5321313796875 0.293315225 0.5417103359375 0.2533253125 0.52730809375 0.22114271406250002 0.48119032031250003 0.2102455625 0.45448703124999995 0.22642172343750003
1 0.7973620984374999 0.237496678125 0.791618890625 0.21419698125000003 0.7580571968750001 0.19940456875 0.7390159796875 0.2258664671875 0.7526218625000001 0.2588836171875 0.781549925 0.261824271875 0.7973620984374999 0.237496678125
1 0.798174471875 0.2871751515625 0.7952518078125 0.3086042671875 0.8198479640624999 0.332107065625 0.85362490625 0.3407960609375 0.8774931421875 0.318605803125 0.8786851078125 0.2757771765625 0.8555469796875 0.23788347812500002 0.810594378125 0.26088975312499996 0.798174471875 0.2871751515625
1 0.7128968234374999 0.3913381890625 0.74974561875 0.3939287625 0.774779546875 0.3701531078125 0.77601786875 0.32829376718750003 0.73842968125 0.308066690625 0.70023506875 0.3241547765625 0.6938877406249999 0.357831184375 0.7128968234374999 0.3913381890625
1 0.7124052453124999 0.44880597812499995 0.697765484375 0.4578614765625 0.6994037421875 0.49098541874999996 0.7126606328125 0.538140546875 0.7382740375 0.56820871875 0.7971549437500001 0.5727675203125 0.8114669640625 0.531403778125 0.799854575 0.48204772812499996 0.765560703125 0.4512132828125 0.7124052453124999 0.44880597812499995
1 0.5147351312499999 0.47003624843749997 0.5445385046875 0.488416696875 0.574486146875 0.47014165781250006 0.5846646468750001 0.445798165625 0.567944228125 0.413627728125 0.5267793000000001 0.41620186875 0.5084749109375 0.4439747890625 0.5147351312499999 0.47003624843749997
1 0.5627334187499999 0.504697871875 0.5627436015625 0.5438510546875001 0.6012748890624999 0.55611849375 0.6388623046874999 0.5505799 0.6482769390625001 0.5234347984375 0.6334922062499999 0.49565572968750005 0.6000782515624999 0.48352697187500004 0.5642961265625 0.5055719921875 0.5627334187499999 0.504697871875
1 0.38268897343749997 0.557785546875 0.4246475296875 0.554164321875 0.4561253609375 0.553516928125 0.4764546328125 0.5239144140625001 0.47575020781250005 0.5037423359375001 0.450105509375 0.4857169671875 0.41260182656250005 0.4752522640625 0.39419905625 0.48234414374999995 0.3742277296875 0.5164366859375 0.37221117656249997 0.538278396875 0.38268897343749997 0.557785546875
1 0.359554865625 0.5971481437499999 0.3499172421875 0.61898216875 0.3553643015625 0.645755253125 0.374462965625 0.6672768296875 0.40253335625000003 0.666296590625 0.425418140625 0.6558353 0.434816990625 0.6236267265625 0.421111228125 0.5937040109375 0.39267703125 0.5848034281250001 0.359554865625 0.5971481437499999
1 0.6673490484375 0.7042090015625 0.6693336609375 0.73341690625 0.695120221875 0.7494157765625 0.7266335625 0.747098940625 0.7501546296875 0.722533415625 0.7500012921875 0.6966073484375 0.7354761484375001 0.6710236843749999 0.7057636875 0.6619175859374999 0.6784412 0.674329503125 0.6752850015625 0.67649171875 0.6673490484375 0.7042090015625
1 0.4538217171875 0.7028101453125 0.42018756718750006 0.72167045 0.4174074859375 0.75170451875 0.4180914609375 0.7712910171875 0.42685066406249994 0.8021150406249999 0.4748094734375 0.813618621875 0.5115873718749999 0.7963151765625 0.519118228125 0.758743528125 0.5087452515625001 0.7332837796875 0.478209625 0.7062017109375 0.4538217171875 0.7028101453125
1 0.5013782265625 0.716269584375 0.5312235375000001 0.7246581078125 0.5603390765625 0.7060150078125 0.5575869703125 0.6716182265625 0.5325846249999999 0.6602573125 0.49980668906250003 0.67354996875 0.4937284328125 0.69626186875 0.5013782265625 0.716269584375
1 0.33686984999999997 0.56193245 0.3540537578125 0.5499785828125 0.3546870859375 0.5345361359374999 0.348569521875 0.5176190187499999 0.32596795156249997 0.51362568125 0.31165250625 0.523775215625 0.311114846875 0.5508667328125 0.33686984999999997 0.56193245
1 0.3710876484375 0.8245638796874999 0.378634896875 0.8089519109375001 0.3707567296875 0.7932391578125 0.34133187343750004 0.7916526046875 0.327228875 0.813661325 0.351343875 0.8268777734375 0.3710876484375 0.8245638796874999
1 0.6935648296875 0.3000072296875 0.7045755765624999 0.2809160171875 0.6946712046875 0.2636370875 0.6781344093749999 0.2642145640625 0.6689432375 0.278551878125 0.6696617609375 0.298948603125 0.6935648296875 0.3000072296875
1 0.6047373046875 0.7991644640625 0.6314899578125 0.8078173312500001 0.6517295640625 0.8012116421875 0.645397521875 0.7685267796875 0.6230280765625 0.7664796515625001 0.6063821375 0.77494543125 0.6047373046875 0.7991644640625
1 0.5478607265625 0.788874409375 0.55055315 0.8056234609375 0.5728852875 0.8019011875000001 0.585180628125 0.7926883499999999 0.5817661890625 0.775500165625 0.5610193906250001 0.7699098765625 0.561734803125 0.7715030656249999 0.5478607265625 0.788874409375
1 0.49639719375 0.3350893390625 0.48054755 0.34589750625 0.49357296718750004 0.37191815156249997 0.5125635187500001 0.3658985984375 0.5200243359375001 0.3453491390625 0.49639719375 0.3350893390625
1 0.491046853125 0.40188237656250003 0.49412511875 0.3875505921875 0.4772761765625 0.383711271875 0.4649519046875 0.3917822375 0.46530180625 0.403727303125 0.478724628125 0.41032537187499996 0.491046853125 0.40188237656250003
1 0.7987432796875 0.8186931484375 0.791558915625 0.8005969187499999 0.7727866578125 0.79786915 0.7639459125 0.8103321546875 0.768694325 0.8282914390625 0.7867711734375 0.83367009375 0.7987432796875 0.8186931484375
1 0.8149337703124999 0.80085630625 0.8174835671875 0.7833003749999999 0.7989442312499999 0.7721546609375001 0.7834681265625 0.7824666765625 0.7874682843749999 0.7999517859374999 0.799928715625 0.8094352015625 0.8149337703124999 0.80085630625
1 0.4563124 0.6216425265625001 0.46938735 0.609369365625 0.45746608125000005 0.5889104484375001 0.43531708281250003 0.5896839093749999 0.4200261671875 0.6074033484375 0.432400134375 0.6233202624999999 0.4563124 0.6216425265625001
1 0.35859375 0.67578125 0.025 0.028125
1 0.7426641625 0.7411593 0.7568721953125 0.7538117796875 0.77747475 0.7451531109375 0.7821970390625 0.7283827781250001 0.7672129062499999 0.7169659484375 0.744385303125 0.7181852390625 0.7426641625 0.7411593
1 0.31440875 0.42361801093749996 0.2985161765625 0.39943917500000004 0.2826143875 0.40736615625 0.2841393828125 0.42690452343749996 0.304582365625 0.4348083890625 0.31440875 0.42361801093749996
1 0.4791090171875 0.6373549453125 0.49475364375 0.6407782281250001 0.5077036546875 0.631060984375 0.5025590703125 0.6128153515625 0.48435982031249997 0.6049613359375 0.4731925421875 0.6202416265624999 0.4791090171875 0.6373549453125
1 0.46141689062499996 0.42540421406249995 0.439387134375 0.42081712187500003 0.4407160640625 0.44575468437500004 0.45061326093750004 0.45266504999999996 0.4696962125 0.44405319375 0.46141689062499996 0.42540421406249995
1 0.651953778125 0.6928831390625 0.647924759375 0.6845108375 0.6412716578125 0.6837769546875 0.6313904484374999 0.6884277625 0.6293086203125 0.7048338484375 0.6458963015625 0.7049972343750001 0.651953778125 0.6928831390625
1 0.33629890625000003 0.845148340625 0.3495490484375 0.8433989140625 0.353459084375 0.8312613125 0.3475638671875 0.821382909375 0.3384871078125 0.8171033265625001 0.3244228328125 0.820790159375 0.3261453078125 0.8363129390624999 0.33629890625000003 0.845148340625
1 0.643537759375 0.594521621875 0.6505234640625 0.6107345765625001 0.6682189515625 0.6083264828125 0.6683460640625001 0.5933863828125 0.6568322484375 0.5885352546875 0.6433451578125 0.589006234375 0.643537759375 0.594521621875
0 0.58671875 0.50546875 0.753125 0.7640625