0 0.5 0.5 1 1
1 0.5805395515625 0.730510221875 0.6094841 0.7602733859375 0.62914521875 0.76986275625 0.6739470984375 0.7778065671875 0.7130281468749999 0.7725295015625 0.7441956765625 0.7442699078125 0.798001175 0.6731599328125 0.82676928125 0.6141765734375 0.8681725171875 0.49007971718750004 0.9319422359375 0.36646107968749997 0.9393733718749999 0.34053199843750004 0.9294394453124999 0.3252562546875 0.905599684375 0.3171057078125 0.86802636875 0.3335487875 0.84658603125 0.35612200625 0.7866806875 0.375580553125 0.7335215265625 0.370514384375 0.6900206453125 0.35277446874999996 0.6760459 0.3529122921875 0.6621745234375 0.3635311734375 0.6327903734375 0.43090627187499997 0.637416940625 0.474885371875 0.63087749375 0.52037220625 0.5844383828125 0.6298438187500001 0.552689265625 0.6699888359374999 0.5465935843749999 0.6896155 0.5586512875 0.70766551875 0.5824910484375 0.7158160671875 0.5805395515625 0.730510221875
1 0.4001522125 0.43739345625 0.4305617125 0.3322727640625 0.4321686515625 0.28264174375 0.4214808578125 0.26178299374999997 0.4088071109375 0.2521247140625 0.370479928125 0.2629847875 0.3559580515625 0.278501721875 0.34037636718750003 0.3282705640625 0.233351121875 0.52988318125 0.2399636421875 0.5626618125 0.26740045625 0.5812589625 0.28490334375000004 0.58458036875 0.30997519218749997 0.575947440625 0.33008007500000003 0.5596766390625 0.375597203125 0.4984316796875 0.4001522125 0.43739345625
1 0.19813861093750001 0.50227825 0.1998833734375 0.46662197499999997 0.1840907921875 0.4241506078125 0.1544268328125 0.3922981234375 0.14459627343749998 0.3875034390625 0.12925161875 0.39044999375 0.07168095 0.5049230265625 0.0574002640625 0.5448957640625001 0.0626773296875 0.5839768125 0.07894813125 0.604081696875 0.1042611703125 0.619904571875 0.138444165625 0.6139770062500001 0.1592684609375 0.599795525 0.190367078125 0.564548559375 0.2189326125 0.555881175 0.19813861093750001 0.50227825
1 0.5291334765625 0.8323439640625001 0.5495787562500001 0.779731934375 0.5500569765625001 0.75736545 0.5161454640625001 0.7199644140625 0.519466871875 0.7024615265625 0.511587809375 0.6829726859374999 0.4939815546875 0.6691702203125 0.3726245171875 0.6221495218750001 0.3621779140625 0.6257465765625 0.33974251875 0.618280984375 0.3041207 0.6200299078125 0.247433396875 0.611504509375 0.2362673828125 0.6130122421875 0.2258896921875 0.6235966687500001 0.19503226406250002 0.6832994390625 0.19469186875 0.7196406671875 0.20692185156249998 0.7551591171875 0.2176096453125 0.77601786875 0.28046570625 0.84318206875 0.33256505937499997 0.8825001453124999 0.37678535156250004 0.9023293812500001 0.4452547125 0.900955309375 0.4841979375 0.8817034984375001 0.5291334765625 0.8323439640625001
1 0.462470621875 0.0957619015625 0.4517139171875 0.067915778125 0.43828630312500005 0.052674490625 0.3800223546875 0.0259957046875 0.3471748125 0.025620853125 0.3144306375 0.035727059374999995 0.293778621875 0.067376971875 0.2918960359375 0.0890585 0.2963847796875 0.11906285624999999 0.32121959843750003 0.1572522140625 0.345162728125 0.1758838203125 0.37458549531249996 0.1832805015625 0.41431704375 0.1731053828125 0.445519028125 0.148339475 0.45582780781250004 0.1307676765625 0.462470621875 0.0957619015625
1 0.5207690265625 0.1259343734375 0.5077204281250001 0.1491236359375 0.5086465734375001 0.1721750734375 0.5185805015625 0.1874508171875 0.5410158968750001 0.19491640937500002 0.5631756453125 0.1744325109375 0.5726616453125 0.1442903328125 0.5605694859375 0.12274662812499999 0.5507389265625 0.11795194375 0.5395384562500001 0.11596599062499999 0.5207690265625 0.1259343734375
1 0.495192828125 0.29599628437500003 0.5363590359375 0.218721715625 0.52087655625 0.207693525 0.5103954984375 0.20779689218750003 0.4860775171875 0.222012828125 0.46970751093749996 0.26270497812500004 0.47621666406249996 0.28500255 0.495192828125 0.29599628437500003
1 0.676623325 0.269748775 0.6866950765625 0.2989992640625 0.71056929375 0.310643496875 0.7398197828125 0.300571746875 0.75629315625 0.27036065625 0.7568402875 0.2549815453125 0.747556859375 0.23480775 0.7195040015624999 0.2246023375 0.69306224375 0.2360439984375 0.676623325 0.269748775
1 0.78164065 0.2896772171875 0.8035289140625 0.3125219203125 0.834937634375 0.30871813124999997 0.86182315625 0.2714163 0.8552106359374999 0.2386376703125 0.8284932312500001 0.222129840625 0.7971534218749999 0.2329210015625 0.7820844140625 0.26381704687499996 0.78164065 0.2896772171875
1 0.6855580328124999 0.183707615625 0.7066235187500001 0.1939819390625 0.726146815625 0.1895965625 0.7336124078124999 0.16716116718750001 0.724432346875 0.15746843125 0.7019969515625 0.1500028390625 0.692269759375 0.1556892125 0.6826803906250001 0.1753503328125 0.6855580328124999 0.183707615625
1 0.5319808265625 0.9084856515625 0.5196171828125 0.9302705484375 0.5212971953125 0.95890499375 0.5438704140625 0.98034533125 0.5690111718749999 0.9786997734374999 0.5945956953125 0.951194046875 0.5949360921875 0.91485281875 0.5850021640625 0.8995770750000001 0.5737672390624999 0.8940974359375 0.558388128125 0.8935503046875001 0.5319808265625 0.9084856515625
1 0.11676679999999999 0.6833725125 0.13296868906249998 0.6964900234375 0.149717709375 0.6942284234375 0.1683148609375 0.6667916093749999 0.166738215625 0.648638221875 0.1456382734375 0.6348702125 0.1268343890625 0.641344909375 0.11447074374999999 0.66312980625 0.11676679999999999 0.6833725125
1 0.22480907343749998 0.30145811718750004 0.24238087187500001 0.311766896875 0.25841048125 0.3074159765625 0.2721095796875 0.2793286625 0.2663198375 0.2591204109375 0.24597376406250002 0.2509354078125 0.23069802031250003 0.2608693359375 0.2190882421875 0.2882372390625 0.22480907343749998 0.30145811718750004
1 0.023971134375 0.5564063375 0.0322939609375 0.5500350078125 0.036334778125 0.5346214406249999 0.025030940624999998 0.5221544296875 0.0110906515625 0.5257859390624999 0.0028367359375000003 0.539144640625 0.00790706875 0.557263571875 0.023971134375 0.5564063375
1 0.47410953593749994 0.5673406421875 0.4984275171875 0.5531247046875001 0.5127771140624999 0.5201393390625 0.5238397609375001 0.5081505468749999 0.5336703203125001 0.51294523125 0.54401355625 0.49886711874999995 0.63778346875 0.2994816453125 0.66206283125 0.21049393125 0.6596289515625 0.176276478125 0.6356513671874999 0.1541511859375 0.616059159375 0.151549190625 0.5798212984375 0.161689853125 0.5515314109375 0.198306728125 0.4809121421875 0.3359690234375 0.455775546875 0.408892671875 0.439302171875 0.4391037625 0.43211222656250003 0.48948864687500004 0.458795175 0.502502790625 0.4485553078125 0.5270619625 0.455714959375 0.5444614828125001 0.4433857703125 0.569740065625 0.468664353125 0.582069253125 0.47410953593749994 0.5673406421875