0 0.5 0.5 1 1
1 0.6041932265625001 0.7208287875 0.6360903109375 0.7474033765625 0.6566460875 0.7548850671875 0.7020328921875 0.758102290625 0.740348246875 0.7487690515625001 0.7683911046875 0.7174063734375 0.814468834375 0.6410617390625 0.8369139062500001 0.5793944109375 0.8651186765625001 0.45164955312500005 0.9156173921875 0.3220423609375 0.92029749375 0.29547855625 0.9088212359375 0.2813248734375 0.88426010625 0.275710909375 0.8486113921875 0.29599139375 0.8296480515625 0.3206820796875 0.772104846875 0.34629584375 0.7187073390625 0.3468140734375 0.673590434375 0.33371841875 0.6597066500000001 0.3353162453125 0.6470212375 0.3473269109375 0.624840671875 0.4174044 0.6340389625 0.46065897031249997 0.632290009375 0.50658018125 0.5975481953124999 0.62030630625 0.5701693015625 0.6635500921874999 0.56615855625 0.6837064109375001 0.580036946875 0.7003971765625 0.6045980765625 0.706011140625 0.6041932265625001 0.7208287875
1 0.39415502343750003 0.44817335625 0.4134098328125 0.34044986875 0.4098201140625 0.29092276250000004 0.3970105359375 0.27129545781250003 0.38339665156249997 0.263014853125 0.3464146171875 0.277821715625 0.333594253125 0.29477159531249997 0.3233001890625 0.345896528125 0.2379354953125 0.557591875 0.247938090625 0.5894997453124999 0.2771685359375 0.605127090625 0.294922721875 0.6066007515625 0.31895483593749996 0.59539439375 0.337248821875 0.5771111921875 0.376114759375 0.5114439046875 0.39415502343750003 0.44817335625
1 0.20003038125 0.5338188765625 0.198038490625 0.498175553125 0.17789295624999998 0.45758762343750004 0.1450620078125 0.42901035781249997 0.13478411875000001 0.4252695125 0.1198315234375 0.429803878125 0.074541921875 0.5496675890625 0.06451775625 0.590914090625 0.07385099687499999 0.6292294453125 0.09213419687499999 0.64752343125 0.118962509375 0.66061369375 0.1523386484375 0.651145503125 0.171566496875 0.6348649796875 0.1988104421875 0.596560409375 0.22631350156250002 0.58495459375 0.20003038125 0.5338188765625
1 0.563713284375 0.8274780703125 0.5785471078125 0.7730171421875001 0.5766847734375 0.750723196875 0.5390495609375 0.717071765625 0.540523221875 0.6993175796875 0.5306501828125 0.6807590875 0.5116976265625001 0.6688725875 0.3860903953125 0.6347947375 0.3760770140625 0.6394640546875 0.3529841546875 0.634384496875 0.31774028906249996 0.639847334375 0.260472378125 0.6372940734375 0.249525134375 0.6399607140625 0.24031066562499998 0.651571921875 0.21586291875 0.7141731140625 0.2193230796875 0.7503508421875 0.23519875468749998 0.7843963375 0.2480083328125 0.8040236437500001 0.31754063125 0.8642496625 0.37346443906250004 0.8979064859375001 0.41951520625 0.9130048171875 0.4874658546875 0.904481275 0.5241833828125 0.8812642515625001 0.563713284375 0.8274780703125
1 0.420421825 0.1018992484375 0.4068133328125 0.0753300515625 0.391866128125 0.061575824999999994 0.33113266406249997 0.0411334296875 0.29842588124999997 0.044194134375 0.26691746875 0.057667676562500006 0.24968690312500003 0.0913029296875 0.25008096874999997 0.11306246874999999 0.25768143125 0.1424332546875 0.286372078125 0.1778174625 0.3121315765625 0.1938442640625 0.3421663265625 0.198124909375 0.38061663125 0.183852453125 0.409058946875 0.1559607203125 0.4174745015625 0.1374076203125 0.420421825 0.1018992484375
1 0.481554746875 0.12581258906249998 0.4710015671875 0.15023876875 0.47433217031249997 0.1730671203125 0.4858084296875 0.187220803125 0.5089012875 0.1923003609375 0.5287984921875 0.1696123515625 0.5350818125 0.1386437375 0.5208039640625 0.1184820265625 0.5105260765625 0.11474118124999999 0.49917937500000004 0.113936875 0.481554746875 0.12581258906249998
1 0.4738949671875 0.2976163234375 0.5067582703125 0.21646203281249998 0.4902078453125 0.207112615625 0.4797950078125 0.2083109859375 0.4570962140625 0.22499096718749997 0.445069371875 0.2671713328125 0.4538735984375 0.2886663640625 0.4738949671875 0.2976163234375
1 0.6515879578125 0.25254794999999997 0.66466204375 0.2805854171875 0.689622628125 0.28967032656249997 0.7176600953125 0.2765962421875 0.7308853078124999 0.2448287140625 0.7298218875 0.2294766609375 0.718480578125 0.21038376250000002 0.689514640625 0.203166578125 0.6644137125 0.21730947656250002 0.6515879578125 0.25254794999999997
1 0.7581130765624999 0.2613899234375 0.7822693546874999 0.281821534375 0.8131084124999999 0.2747554765625 0.8359475484375001 0.23484768749999999 0.8259449515625 0.20293981875 0.7976483703125 0.1893151484375 0.7676082281250001 0.2033230984375 0.755851284375 0.23562503124999998 0.7581130765624999 0.2613899234375
1 0.6514799703125 0.1660442015625 0.6735040156250001 0.17406029843749998 0.6924619640625 0.16765820625 0.6975415218750001 0.144565346875 0.687398584375 0.1358852859375 0.664305725 0.130805728125 0.6552262078125 0.13747772187500001 0.6477445171875 0.15803349687499998 0.6514799703125 0.1660442015625
1 0.574504009375 0.9029050171874999 0.5644852359375 0.9258629265625 0.5691491609375 0.9541649 0.5938398453125 0.9731282421874999 0.6186708734375 0.968863775 0.6412401109375 0.9388344171874999 0.63777995 0.9026566875 0.626303690625 0.8885030046875 0.6145575328125 0.884227753125 0.5992054796875 0.8852911734375001 0.574504009375 0.9029050171874999
1 0.1380338390625 0.72242675625 0.155518125 0.73377885 0.1719389921875 0.7297788890625 0.1875663375 0.7005484453124999 0.1841007828125 0.682659309375 0.16167728125 0.671172265625 0.1436531953125 0.679577034375 0.13363442187500002 0.70253494375 0.1380338390625 0.72242675625
1 0.20556331874999997 0.331311034375 0.22411641875 0.3397265890625 0.239603421875 0.333723953125 0.2502915515625 0.3043585578125 0.24242118906250001 0.284866203125 0.22133100625000002 0.27885278125 0.2071773234375 0.290329040625 0.19849187031249999 0.318760571875 0.20556331874999997 0.331311034375
1 0.0324749375 0.6058559031249999 0.040086185937500005 0.5986495046875 0.0424937109375 0.58289799375 0.029948639062499997 0.57168085 0.0164643125 0.5767496234375 0.009651978125 0.5908979140625 0.016588478125 0.6083875937500001 0.0324749375 0.6058559031249999
1 0.48129038125 0.5696780328125 0.503989175 0.5529980515624999 0.5148122546875 0.5186934421875 0.524561128125 0.5056139640625 0.5348390171874999 0.509354809375 0.5436540265625001 0.49427265625 0.6160688000000001 0.28617781249999996 0.630913409375 0.195139696875 0.624916165625 0.1613641015625 0.598757209375 0.141866353125 0.579000346875 0.1413265546875 0.5440209890625 0.155199553125 0.5197135828125 0.1945729359375 0.46387080156250005 0.3388628265625 0.446494503125 0.41401448125 0.433269290625 0.4457820078125 0.43138538750000005 0.496642434375 0.4592825125 0.5067961578125 0.45166587187499996 0.5322911484375 0.46060504687500003 0.548846965625 0.45098573125 0.5752758203125 0.4774145859375 0.5848951359375001 0.48129038125 0.5696780328125