0 0.489265625 0.49459375000000005 0.943359375 0.93371875
1 0.3359375 0.16875 0.35625 0.1796875 0.39375 0.1796875 0.4125 0.1703125 0.425 0.1515625 0.4296875 0.121875 0.4234375 0.103125 0.3953125 0.084375 0.353125 0.0875 0.334375 0.103125 0.328125 0.11875 0.3265625 0.15 0.3359375 0.16875
1 0.5984375 0.1921875 0.6546875 0.2484375 0.6796875 0.2546875 0.7078125 0.25 0.7296875 0.234375 0.746875 0.2078125 0.7453125 0.1390625 0.725 0.10625 0.6921875 0.084375 0.6609375 0.0796875 0.634375 0.0859375 0.6078125 0.103125 0.5921875 0.1328125 0.5921875 0.175 0.5984375 0.1921875
1 0.8015625 0.15625 0.8265625 0.1625 0.853125 0.153125 0.8609375 0.1328125 0.8609375 0.1109375 0.85 0.09375 0.8171875 0.0875 0.7921875 0.1078125 0.7890625 0.134375 0.8015625 0.15625
1 0.7359375 0.4484375 0.7671875 0.503125 0.790625 0.5296875 0.8125 0.540625 0.85 0.54375 0.8875 0.528125 0.9078125 0.490625 0.9078125 0.43125 0.884375 0.3796875 0.8703125 0.3625 0.828125 0.340625 0.78125 0.340625 0.7578125 0.353125 0.734375 0.3828125 0.73125 0.428125 0.7359375 0.4484375
1 0.065625 0.3484375 0.10625 0.3859375 0.146875 0.3890625 0.1765625 0.3671875 0.184375 0.3421875 0.1828125 0.303125 0.1765625 0.284375 0.153125 0.2578125 0.1265625 0.246875 0.0984375 0.246875 0.0703125 0.2640625 0.059375 0.2890625 0.0578125 0.3171875 0.065625 0.3484375
1 0.3640625 0.778125 0.38125 0.7984375 0.396875 0.8046875 0.4109375 0.80625 0.4328125 0.7953125 0.4546875 0.7703125 0.45625 0.653125 0.4375 0.640625 0.3875 0.640625 0.3609375 0.653125 0.3453125 0.671875 0.340625 0.728125 0.3640625 0.778125
1 0.0890625 0.559375 0.1296875 0.5640625 0.1421875 0.5578125 0.1484375 0.5234375 0.1390625 0.50625 0.1296875 0.5 0.103125 0.4984375 0.0828125 0.5109375 0.078125 0.5390625 0.0890625 0.559375
1 0.1296875 0.809375 0.1546875 0.821875 0.1734375 0.8234375 0.2 0.8078125 0.209375 0.7703125 0.19375 0.7390625 0.178125 0.7296875 0.15 0.728125 0.13125 0.7359375 0.1203125 0.7515625 0.11875 0.7859375 0.1296875 0.809375
1 0.2125 0.928125 0.2390625 0.928125 0.2484375 0.91875 0.2515625 0.8953125 0.2421875 0.88125 0.215625 0.878125 0.2 0.8921875 0.1984375 0.9109375 0.2125 0.928125
1 0.05 0.8078125 0.084375 0.80625 0.0890625 0.7984375 0.0859375 0.76875 0.059375 0.7609375 0.040625 0.7734375 0.040625 0.79375 0.05 0.8078125
1 0.46875 0.903125 0.496875 0.9078125 0.51875 0.8921875 0.5265625 0.8640625 0.5234375 0.8484375 0.5140625 0.840625 0.484375 0.840625 0.4625 0.859375 0.459375 0.8859375 0.46875 0.903125
1 0.5640625 0.8765625 0.590625 0.878125 0.5984375 0.8703125 0.5984375 0.8484375 0.5921875 0.840625 0.565625 0.840625 0.5578125 0.853125 0.55625 0.8640625 0.5640625 0.8765625
1 0.7578125 0.8453125 0.784375 0.846875 0.7921875 0.840625 0.796875 0.81875 0.790625 0.80625 0.7703125 0.8015625 0.753125 0.809375 0.7515625 0.8296875 0.7578125 0.8453125
1 0.8484375 0.8703125 0.8546875 0.8640625 0.853125 0.840625 0.8484375 0.8359375 0.825 0.840625 0.825 0.865625 0.8484375 0.8703125
1 0.2984375 0.934375 0.3203125 0.934375 0.3328125 0.925 0.334375 0.903125 0.3265625 0.89375 0.3140625 0.8890625 0.2890625 0.9 0.2875 0.9203125 0.2984375 0.934375
1 0.8796875 0.1546875 0.890625 0.1640625 0.9140625 0.1640625 0.921875 0.153125 0.9203125 0.1296875 0.909375 0.121875 0.8875 0.125 0.8796875 0.1328125 0.8796875 0.1546875
1 0.8828125 0.2515625 0.8921875 0.2390625 0.8921875 0.221875 0.8828125 0.2125 0.8625 0.21875 0.8625 0.24375 0.8828125 0.2515625
1 0.8984375 0.2921875 0.9140625 0.2859375 0.909375 0.2640625 0.8875 0.265625 0.8859375 0.2859375 0.8984375 0.2921875
1 0.8390625 0.3078125 0.8453125 0.3140625 0.859375 0.3125 0.8609375 0.2921875 0.84375 0.2890625 0.8375 0.2953125 0.8390625 0.3078125