0 0.5 0.5 1 1
1 0.072675153125 0.5955091125 0.0858986359375 0.6160235609375 0.1006454859375 0.6241311828125 0.1314721328125 0.6294904531250001 0.1512248984375 0.6224703828125 0.16455634218749998 0.6036422359375 0.16912644375000002 0.5664217546875 0.1621063734375 0.5466689890625 0.1450195 0.5319771125 0.1161245484375 0.52370655625 0.09675262500000001 0.5276249187500001 0.074714809375 0.5532552296875 0.072675153125 0.5955091125
1 0.11089477031249999 0.258593090625 0.10243379374999999 0.2890388953125 0.10540005156250001 0.3161650859375 0.119222284375 0.344624221875 0.146784290625 0.3637507515625 0.18865733125 0.368892115625 0.2064784015625 0.36478333125 0.2691642734375 0.31580776093749996 0.27841442031249997 0.291755790625 0.277189434375 0.2632691671875 0.26434679375000003 0.2396530109375 0.240076915625 0.2193564703125 0.171648946875 0.21252880625 0.1366055546875 0.2286910625 0.11089477031249999 0.258593090625
1 0.1723281703125 0.16853365 0.19556348437499999 0.1587927140625 0.20481363125000002 0.13474074375 0.198745665625 0.1072337109375 0.1795366765625 0.0970039734375 0.1578247296875 0.09433808125000001 0.1394323953125 0.1030994265625 0.12923014531250002 0.13490566406249999 0.1463445046875 0.1621947875 0.1723281703125 0.16853365
1 0.42742782031250004 0.1038276671875 0.4086546453125 0.11569071875 0.3818013359375 0.1548978671875 0.376088709375 0.20142346875 0.3856392234375 0.22620963593750001 0.41224912500000005 0.25309043125 0.45684303125000003 0.26171434374999997 0.47757538750000006 0.2595372546875 0.535663671875 0.2351849171875 0.5648844921875 0.21515927031249998 0.5784063578125 0.1947802703125 0.5860781640625 0.15794063125 0.57513973125 0.1188159421875 0.540394721875 0.094084746875 0.48146229375000005 0.0868487546875 0.42742782031250004 0.1038276671875
1 0.203251171875 0.8398057765625 0.199823596875 0.8677211359375001 0.213455409375 0.8977311265625 0.23693611718750002 0.9116338328125 0.26466105624999997 0.9166122624999999 0.296630228125 0.9126664124999999 0.33880165 0.8769143250000001 0.3468543 0.8369729796875 0.3287603484375 0.8048408734375 0.3048987984375 0.7940398734375 0.26593704375 0.79083020625 0.24656512031250002 0.79474856875 0.2173443 0.8147742140625001 0.203251171875 0.8398057765625
1 0.6258665015625 0.62879931875 0.6350361734375001 0.6566871921875 0.65174220625 0.6744807765624999 0.7070016640625 0.6859884875 0.759485284375 0.6688191531250001 0.7817410078125 0.6542352375 0.7898486296875 0.6394883874999999 0.7931132703125 0.625721128125 0.7849231890625 0.602676234375 0.7627754265625 0.5779175546875 0.6466518453125001 0.5620851375 0.63195996875 0.5791720109375 0.6258665015625 0.62879931875
1 0.4873577046875 0.9234909296874999 0.50885174375 0.9151104265625 0.518455246875 0.8753595015625001 0.5137752 0.862190990625 0.48041810937499996 0.85179831875 0.46221619687500004 0.8590088093749999 0.454870259375 0.867552246875 0.4500822515625 0.8937263328125 0.46001360625 0.9154107937499999 0.4873577046875 0.9234909296874999
1 0.6892395375 0.8947549421875 0.703415125 0.9075151234375 0.737343478125 0.9132552359374999 0.761939225 0.905255575 0.777392784375 0.8819652874999999 0.7812286890625 0.8635454687499999 0.768957309375 0.835276753125 0.732879353125 0.8214015328125001 0.699958078125 0.8331016484375 0.68874875 0.8474676578125001 0.6837703203125 0.875192596875 0.6892395375 0.8947549421875
1 0.889896384375 0.83753233125 0.8931335390624999 0.8111678234375 0.88497094375 0.800720178125 0.8620889859374999 0.794762159375 0.8469887796875 0.8023534921875 0.84064991875 0.8283371578125 0.8527033906250001 0.845559478125 0.8711232109375 0.8493953828125 0.889896384375 0.83753233125
1 0.7533153125000001 0.94984948125 0.746132309375 0.9442448156250001 0.716285253125 0.9437285265625001 0.70529383125 0.9691409296875 0.715415609375 0.9892745375 0.735576703125 0.9917500078125 0.7506769078125 0.984158675 0.7533153125000001 0.94984948125
1 0.8781098390625001 0.5873561375 0.89631175 0.5801456468749999 0.9043918859375 0.5528015484375 0.8915492437499999 0.5291853921875 0.8645859874999999 0.51800355 0.8486966125000001 0.5192010484375 0.8397998203125001 0.5275540640624999 0.836181825 0.557020278125 0.8521261734375001 0.5810172765625 0.8781098390625001 0.5873561375
1 0.8815629156250001 0.4823064375 0.8863509234375 0.45613235 0.8795487609375 0.4474259796875 0.8578368125000001 0.4447600875 0.8493208624999999 0.450011396875 0.8460837078125 0.476375903125 0.8575384312500001 0.4856535375 0.8682039843749999 0.48853733750000006 0.8815629156250001 0.4823064375
1 0.8741580328125 0.28619220312500004 0.878946040625 0.2600181171875 0.87369473125 0.2515021671875 0.852554046875 0.2441837140625 0.8393855374999999 0.2488637609375 0.8322575062500001 0.2684535921875 0.83791714375 0.2864650828125 0.8578878156249999 0.2904914078125 0.8741580328125 0.28619220312500004
1 0.8811211453125001 0.1910188859375 0.875897321875 0.1951001828125 0.87769356875 0.2189342453125 0.9025072234374999 0.2219809796875 0.910016096875 0.1992894421875 0.904574365625 0.1923243453125 0.8811211453125001 0.1910188859375
1 0.9065729453125 0.7529970796875001 0.9092388375 0.7312851328125001 0.901457084375 0.71773578125 0.8799355578125001 0.7135190359375 0.8696783328125001 0.7201307765625 0.86350240625 0.7319663421875 0.8713116453125 0.758112940625 0.8912823187500001 0.762139265625 0.9065729453125 0.7529970796875001
1 0.2035336734375 0.081059625 0.21417173906250003 0.0713461765625 0.2170280515625 0.0480833765625 0.20712418281249997 0.0389961640625 0.1836709609375 0.0376907046875 0.1745837484375 0.047594573437499996 0.17501956406250002 0.0696873625 0.1818217265625 0.0783937328125 0.2035336734375 0.081059625
1 0.271743734375 0.0768408953125 0.2612960890625 0.085003490625 0.26502403124999996 0.1059262671875 0.2898376859375 0.1089730015625 0.3000674234375 0.0897640109375 0.288803121875 0.07893552499999999 0.271743734375 0.0768408953125
1 0.31459636562500004 0.0868252390625 0.3345670390625 0.09085156250000001 0.34229381875 0.0792064203125 0.3379946140625 0.062936203125 0.3157114046875 0.0649228703125 0.31459636562500004 0.0868252390625
1 0.3576943921875 0.120453225 0.33772371875 0.1164269 0.3325273828125 0.1331054453125 0.3379691125 0.14007054218749998 0.3505663609375 0.14004305625 0.3575314578125 0.13460132656249998 0.3576943921875 0.120453225