0 0.5 0.5 1 1
1 0.10187068749999999 0.682267840625 0.1190703984375 0.6995846828125 0.1351806640625 0.704449090625 0.1664479296875 0.7032820281250001 0.18430949531250002 0.6923085328125 0.19343502343750002 0.6711200609375 0.1901666828125 0.6337627609375 0.1791931875 0.6159011953125 0.15942509062500002 0.60508293125 0.12944201718749998 0.6030007046875 0.111308090625 0.6108610921875 0.09508069531249999 0.6405132375 0.10187068749999999 0.682267840625
1 0.069206334375 0.3447679375 0.0672602890625 0.3763075640625 0.0758015796875 0.4022242625 0.09523875000000001 0.42718769375 0.1261750890625 0.44016580000000005 0.168202053125 0.43648891718750005 0.1847794265625 0.4287647109375 0.2359128671875 0.3678262484375 0.239960190625 0.3423766578125 0.2328392734375 0.314767225 0.2153671984375 0.294337275 0.1874077875 0.279530253125 0.11905558281249999 0.2870787640625 0.0881382953125 0.3101737671875 0.069206334375 0.3447679375
1 0.11057285624999999 0.2439037890625 0.13127516875 0.2295448234375 0.1353224921875 0.2040952328125 0.1236680921875 0.1784508953125 0.1027519828125 0.172438475 0.080960225 0.1743450078125 0.06479139375000001 0.1867388765625 0.06142497500000001 0.21997123749999997 0.0838390734375 0.2431057546875 0.11057285624999999 0.2439037890625
1 0.3466448375 0.1275735875 0.33074836875 0.143080565625 0.3126334921875 0.1870140609375 0.3167189171875 0.2337106875 0.3312140640625 0.2559695546875 0.36283130625000004 0.27673043124999996 0.408243740625 0.2758942953125 0.428070403125 0.26945428125 0.4798261828125 0.2335568671875 0.5042448921875 0.2078934796875 0.513234240625 0.18514845468750002 0.5130790078125 0.1475187921875 0.49424512500000006 0.11152329999999999 0.45511747343750003 0.094556434375 0.3959684125 0.09973130625 0.3466448375 0.1275735875
1 0.2803854390625 0.8940777546875 0.2828366953125 0.92209573125 0.302410046875 0.9486157171875 0.3282681796875 0.9573327031250001 0.3564223375 0.9564380015625 0.3868725171875 0.9459316140625 0.420689115625 0.9021928640624999 0.420261521875 0.86145009375 0.3958823265625 0.8337820953125 0.37029655625 0.8281782171875 0.33151888125 0.8331392921875 0.31338495312500003 0.8409996796874999 0.28896624531250004 0.8666630671875 0.2803854390625 0.8940777546875
1 0.6498948999999999 0.5998156265625 0.664662409375 0.6251876015625 0.6847028671875 0.6391189734375 0.7411473625 0.6388861265625 0.788914384375 0.6111800265625 0.8076516 0.592287578125 0.8125160078125001 0.5761773125 0.812846934375 0.56203214375 0.8000445234375 0.5411936515625 0.7732331234375 0.5215807859375 0.6563553765625 0.5302377953125 0.6455371140625 0.5500058921875 0.6498948999999999 0.5998156265625
1 0.575682684375 0.9168651171875 0.5949646234375 0.9041988859375 0.5960935843749999 0.863319934375 0.5887779203125 0.8514122234375 0.5539890046875 0.8481819859374999 0.5376839921875 0.8590192999999999 0.5322748609375 0.8689033484375001 0.53303338125 0.8955009515624999 0.547256165625 0.9146467093749999 0.575682684375 0.9168651171875
1 0.7671783671875 0.8467834875 0.783697175 0.8563175578125 0.8180775484374999 0.8548781328124999 0.8404725953125001 0.8419395406250001 0.8507461359375 0.8159452265624999 0.8506685203125001 0.7971303953125 0.832787903125 0.7720307828124999 0.7946135171875001 0.765959796875 0.764844240625 0.78424895625 0.756866725 0.800631584375 0.757761425 0.828785740625 0.7671783671875 0.8467834875
1 0.9515531312500001 0.7490924234375 0.9492380562499999 0.7226310015624999 0.939081646875 0.7141087609375 0.9154609718750001 0.713038365625 0.9022690687500001 0.7236033187500001 0.901471034375 0.7503371015625 0.91684183125 0.7646770171874999 0.9356566624999999 0.7645994 0.9515531312500001 0.7490924234375
1 0.84130873125 0.887351975 0.83311741875 0.8833632171874999 0.8038152500000001 0.8890637609375001 0.7983475531249999 0.9162060875 0.8124341578125 0.9337952906250001 0.8326693625000001 0.932024940625 0.8458612640625001 0.9214599874999999 0.84130873125 0.887351975
1 0.88800959375 0.5068337406250001 0.9043146046875 0.49599642499999996 0.9065330125 0.46756990781249996 0.8890609375 0.44713995625 0.8603620578125 0.441808440625 0.845068878125 0.4462833578125 0.8381031906249999 0.4563035875 0.8406906281250001 0.4858781171875 0.8612758093749999 0.5060357062499999 0.88800959375 0.5068337406250001
1 0.8695461515625 0.40336169218749995 0.86878763125 0.376764090625 0.86032395625 0.3696622234375 0.838532196875 0.3715687546875 0.8312941484374999 0.3784758765625 0.8336092234375 0.40493729843750004 0.8467425609375001 0.411630621875 0.8577746218750001 0.4122339109375 0.8695461515625 0.40336169218749995
1 0.8215286421875 0.2130725875 0.820770121875 0.186474984375 0.8138629999999999 0.1792369375 0.7916626984375 0.17647380625 0.7797549890625 0.18378947031249998 0.7768556765625 0.2044332171875 0.7861364375 0.220874409375 0.8065078234374999 0.2206606125 0.8215286421875 0.2130725875
1 0.808551946875 0.118531321875 0.8042908265625 0.12360952812499999 0.8110032031250001 0.1465492984375 0.8359080703125 0.1443704046875 0.8385350203125 0.12061354843750001 0.8317640796875001 0.11493205468750001 0.808551946875 0.118531321875
1 0.9502894015625 0.66293721875 0.9483828687500001 0.641145459375 0.937954096875 0.6295101109375 0.9160261578125001 0.6298600875 0.9073677359375001 0.63845994375 0.9037875203124999 0.6513209203125 0.9168622937500001 0.675272521875 0.9372336796875 0.675058725 0.9502894015625 0.66293721875
1 0.122909571875 0.15185329375 0.13129563125 0.140140328125 0.12925291875 0.116792015625 0.11767613437499999 0.109962509375 0.094464003125 0.1135617765625 0.087634496875 0.1251385609375 0.0926541375 0.1466579578125 0.1011178125 0.15375982500000002 0.122909571875 0.15185329375
1 0.18875195625000002 0.1335450828125 0.1802297171875 0.14370149375000002 0.188226284375 0.163391975 0.2131311515625 0.16121308125 0.21914357187500003 0.140296971875 0.20587405312499998 0.13204709375 0.18875195625000002 0.1335450828125
1 0.2327440171875 0.13440168125000002 0.25311540312499997 0.134187884375 0.2582521734375 0.12119072812500001 0.25066414843749996 0.106169909375 0.22928093125000001 0.112746103125 0.2327440171875 0.13440168125000002
1 0.2818918984375 0.1583342328125 0.2615205140625 0.15854802968749998 0.25990539375 0.17594248750000002 0.266676334375 0.18162398125 0.2789925875 0.1789779796875 0.28467408125000004 0.17220703906249998 0.2818918984375 0.1583342328125