0 0.5 0.5 1 1
1 0.7397266203124999 0.48304430624999994 0.7323458515625 0.4305274109375 0.7189800546875 0.3989344796875 0.6946732390625 0.368879209375 0.6566043953125 0.3441052015625 0.634740096875 0.3393680421875 0.59971109375 0.352101034375 0.5686800062499999 0.393280678125 0.5504528703125 0.43823940468749994 0.55034643125 0.485114284375 0.56244661875 0.523579359375 0.5951987187500001 0.5502162984375001 0.6189259500000001 0.5602702015625 0.6473548625000001 0.564084765625 0.7023852328125 0.5507721890624999 0.7243027515625 0.532071909375 0.7397266203124999 0.48304430624999994
1 0.441882403125 0.2214298140625 0.42911393125 0.2020257703125 0.4054221796875 0.17634690625 0.367045803125 0.1493846953125 0.31926606875 0.1349011640625 0.29268234843749996 0.1442158234375 0.273260565625 0.164796775 0.2550511703125 0.2019430234375 0.2524489953125 0.2469372296875 0.2670626578125 0.2794704984375 0.3044986984375 0.30768057656250003 0.3382266140625 0.3174446890625 0.38105035625 0.312541915625 0.41828530468749997 0.2916889125 0.4465131234375 0.24644039375000001 0.441882403125 0.2214298140625
1 0.9458968890625 0.65601290625 0.9387881734375 0.621309175 0.9229089015625 0.5956480515625 0.897951540625 0.57684133125 0.8782754453124999 0.571796640625 0.8404431750000001 0.58046075625 0.8106599546875 0.6225807359375 0.8071706640625 0.6453853703125 0.8121089156249999 0.6725841546875 0.8223816515625 0.6901075265625 0.8535783515625001 0.713615925 0.8735619781249999 0.720848821875 0.9001279578125001 0.719346640625 0.9207798703125001 0.7075185046875 0.9367655812500001 0.68630475 0.9458968890625 0.65601290625
1 0.753500434375 0.3349502015625 0.776577121875 0.35625265625 0.8065791734375001 0.3553832796875 0.826326228125 0.32917805312500004 0.821695509375 0.3041674734375 0.7979860171875 0.2863010890625 0.7673511609375 0.2906065375 0.7504251140625 0.3130681609375 0.753500434375 0.3349502015625
1 0.2809904171875 0.751690840625 0.2855087453125 0.6885759375 0.2818183609375 0.662317490625 0.2575292859375 0.6244497390625 0.24161453281249998 0.6144135765625001 0.2219206984375 0.6171813640625 0.13745012031249998 0.6591771640624999 0.112350840625 0.7028702828125 0.118176209375 0.7522586390625 0.12749086874999999 0.7788423578125 0.1436954125 0.7988792046875 0.19861934375 0.8324415078125 0.22299711875 0.831246859375 0.257411059375 0.8141374593749999 0.27780865781249997 0.77668368125 0.2809904171875 0.751690840625
1 0.1335881703125 0.4332303125 0.1126287265625 0.44287024375 0.085974046875 0.4834348234375 0.0952709671875 0.5178310234375 0.11679225468750001 0.5360049375 0.1399044234375 0.541682434375 0.1818055703125 0.53021505 0.203125765625 0.49932588281249995 0.2034865171875 0.47807664687500007 0.195094453125 0.4580575390625 0.1614020171875 0.4326684671875 0.1335881703125 0.4332303125
1 0.14506734062499999 0.3323186171875 0.16751122499999999 0.3570571453125 0.1875125921875 0.3564775609375 0.20662684375 0.33370840468749996 0.20136332031249998 0.312133896875 0.1885771078125 0.300542334375 0.1660800046875 0.299241246875 0.15011203281250002 0.312642521875 0.14506734062499999 0.3323186171875
1 0.02580433125 0.4204855328125 0.0457524796875 0.44334338906250004 0.0660613796875 0.44495200781250005 0.0854831625 0.42437105624999993 0.08678425 0.40187395312499996 0.0690065671875 0.3865210453125 0.0452615953125 0.38427962187500003 0.025207007812499998 0.4082966453125 0.02580433125 0.4204855328125
1 0.305935871875 0.5004968375 0.32745715937500003 0.518670753125 0.3508945984375 0.5187239734375 0.36906851406249996 0.49720268437500004 0.3669335296875 0.47407277812500004 0.3416686390625 0.4530778546875 0.3197865984375 0.45615317343750006 0.304433690625 0.4739308578125 0.305935871875 0.5004968375
1 0.778079421875 0.7956322 0.7431391171875 0.76930279375 0.7209495453125 0.770189909375 0.6978018984375 0.7801373734375 0.6695918187500001 0.8175734125 0.6673681359375 0.8335059046875 0.6769725875 0.8700903078125 0.7165968312500001 0.8979928546875 0.7444106781250001 0.8974310109375001 0.7622415828125 0.8893464796874999 0.783869309375 0.860645515625 0.79016186875 0.84190975625 0.7874118218749999 0.814403440625 0.778079421875 0.7956322
1 0.44373594531249994 1 0.44452029687500005 0.986437775 0.4623866796875 0.962728284375 0.5023361953125 0.9850065546875 0.5114320234374999 0.9703396718749999 0.508049171875 0.946269428125 0.4965285671875 0.9278057203125 0.46938300312500003 0.9093065328125001 0.42500386093750003 0.911080765625 0.4018207328125 0.9366531890625 0.39393729375 0.96788536875 0.410681234375 1 0.44373594531249994 1
1 0.32186848281249997 0.9155340859375001 0.335630509375 0.9102528218750001 0.34441880625 0.8933977343749999 0.3391375421875 0.87963570625 0.3210345859375 0.8699070750000001 0.2994245984375 0.8907955578125 0.3022101265625 0.9026769140625 0.32186848281249997 0.9155340859375001
1 0.7076311359375 0.9929727421875001 0.7211033718750001 0.9776907937500001 0.7061289562499999 0.9664067624999999 0.69359705625 0.9804408421874999 0.7076311359375 0.9929727421875001
1 0 0.7402123234375 0.0081864265625 0.747633871875 0.0232140625 0.7354804640625 0.0229242703125 0.7254797796875 0.00856491875 0.71857215625 0 0.7299381875 0 0.7402123234375
1 0 0.604421 0.017548353125 0.6157797890625 0.027276985937499998 0.597676834375 0.010114365625 0.586700334375 0 0.6025149390625 0 0.604421
1 0.196419234375 0.5627483171875001 0.18513520156250002 0.5777227328125 0.1944853421875 0.5886814921875 0.203545690625 0.58963956875 0.21233398593750002 0.57278448125 0.196419234375 0.5627483171875001
1 0.1502776453125 0.3773305640625 0.133115025 0.366354065625 0.124362209375 0.36758419375 0.112427634375 0.3938071609375 0.1277095828125 0.40727939687500003 0.1470958859375 0.40232340468750005 0.1502776453125 0.3773305640625
1 0.1938346796875 0.1871164796875 0.182893659375 0.18865414062500002 0.1747381671875 0.20207315625 0.1928233828125 0.21961426718750002 0.20911662656250002 0.200588715625 0.1938346796875 0.1871164796875
1 0.514170046875 0.31503169999999997 0.53912740625 0.33383841875 0.54976089375 0.3301125546875 0.561044925 0.3151381390625 0.5610804046875 0.2995131796875 0.54673879375 0.284793075 0.529865965625 0.283817259375 0.51545339375 0.300347075 0.514170046875 0.31503169999999997
1 0.513495809375 0.19909236875 0.535017096875 0.217266284375 0.5544034015625 0.21231029218750003 0.567260571875 0.1926519375 0.5598088437500001 0.1713849609375 0.539517684375 0.1619638625 0.523567453125 0.1675526578125 0.514796896875 0.176595265625 0.513495809375 0.19909236875
1 0.5189722125 0.12691711875 0.5336745765625001 0.1203879859375 0.5343428609374999 0.1013269546875 0.5231120484375 0.09286393125 0.5109231609375 0.0934612546875 0.5002719328125 0.1049995984375 0.5015020609375 0.113752415625 0.5189722125 0.12691711875
1 0.73590015 0.24147249531249998 0.7306188859375 0.22771046718750002 0.716259534375 0.22080284374999998 0.6990259546875001 0.24107626249999997 0.714615434375 0.25673670312499997 0.7264967906249999 0.253951175 0.73590015 0.24147249531249998
1 0.5864457843750001 0.1386328625 0.5999180187500001 0.12335091406250001 0.5821403359375 0.10799800625 0.5689756312500001 0.1254681578125 0.5864457843750001 0.1386328625
1 0.365324790625 0.0815681125 0.3681635390625 0.070012028125 0.35912093125 0.061241473437500006 0.3519412546875 0.0577876609375 0.3425378953125 0.070266340625 0.35125523125 0.084661171875 0.365324790625 0.0815681125
1 0.9136237671874999 0.4184390109375 0.9120861078125 0.40749799062500003 0.8905470796875001 0.3971365546875 0.8789377765624999 0.41773524687499997 0.8967154609374999 0.4330881546875 0.9064086124999999 0.4306101578125 0.9136237671874999 0.4184390109375
1 0.7020480546875 0.28639574218749997 0.6932952390625 0.2876258703125 0.6895161546875 0.300429821875 0.7023023671875 0.3120213859375 0.7148342671875 0.29798730625 0.7020480546875 0.28639574218749997
1 0.7626909140625 0.4162212796875 0.7733421421875 0.4046829359375 0.7571198578125 0.39245856875 0.7477164984375 0.40493724843749995 0.7626909140625 0.4162212796875
1 0.8375038203124999 0.361078515625 0.826834853125 0.3804293390625 0.8480663484375001 0.388602571875 0.8568546453125 0.371747484375 0.8440684328125 0.3601559203125 0.8375038203124999 0.361078515625
1 0.7048276296875 0.1632767359375 0.712983121875 0.1498577203125 0.6992565734375 0.139514025 0.6892204093750001 0.1554287765625 0.7048276296875 0.1632767359375