0 0.5 0.5 1 1
1 0.4339418078125 0.7310685234375 0.4858159171875 0.74209470625 0.5200749328125001 0.7403403859375 0.5566310703124999 0.7277789578125 0.592931334375 0.70047915625 0.6048608390625 0.6815536390625 0.6048763640625 0.6442822046875001 0.5767934140625 0.601038253125 0.540780078125 0.5685335578124999 0.4967685046875 0.552401384375 0.4564846484375 0.5506160109375 0.4202522359375 0.5722825484375 0.40268946562499996 0.5911402140625001 0.3893816875 0.6165499953125 0.383069921875 0.6728147984375 0.39314620312500004 0.6998064015625001 0.4339418078125 0.7310685234375
1 0.7816477374999999 0.5406639375 0.8042486484375001 0.5353020734375 0.83648194375 0.5218217968750001 0.874943628125 0.49498142031250003 0.9048953265625 0.4550368140625 0.9052345781250001 0.4268704875 0.8925374500000001 0.40158088125 0.863859375 0.37176488281250003 0.8224686468750001 0.3539307109375 0.786899209375 0.35653603125 0.7475865265625 0.3820659859375 0.7268756359374999 0.4104203359375 0.7168361515624999 0.4523383390625 0.7236964640625 0.49445989062500006 0.75656168125 0.5364612703125 0.7816477374999999 0.5406639375
1 0.20089010625 0.865646459375 0.23593227031250003 0.8708358265625 0.26547686875 0.8646908140624999 0.291685325 0.8476708437499999 0.3031554046875 0.8309067484374999 0.3079531984375 0.7923927390625 0.278559825 0.7499997875 0.2583238859375 0.7389212796875 0.2310764078125 0.7342591875 0.2110963421875 0.73791905625 0.1783357734375 0.7591940187499999 0.16470427031249998 0.7754986890625 0.1570297578125 0.8009763203125001 0.16108119999999998 0.8244282296875 0.175548175 0.8467054171875 0.20089010625 0.865646459375
1 0.405388534375 1 0.3880517046875 0.9788488203125001 0.36485566875000003 0.9976386375 0.3661009671875 1 0.405388534375 1
1 0.5683938234375 0.7946628437500001 0.5404833703125 0.8090619671875 0.5310390109375 0.83755201875 0.5489099796875 0.8650708968749999 0.5739960359375 0.8692735640624999 0.5988940687500001 0.85310459375 0.6053260093749999 0.8228446953124999 0.5900080359375 0.7992570859375 0.5683938234375 0.7946628437500001
1 0.3383936625 0.20811497499999998 0.3961569125 0.23394738125 0.4220939671875 0.23946047187500002 0.4659853671875 0.22958774062499998 0.480859440625 0.2180653359375 0.48499425937499996 0.1986125453125 0.47442175625000005 0.10487275625 0.4419481125 0.066343221875 0.393545846875 0.054925465625 0.3653795203125 0.054586215625000004 0.3410087625 0.0629605 0.2906854234375 0.1030931296875 0.283470334375 0.12640933906250001 0.2877776515625 0.1645996234375 0.31599630156249997 0.19657704375 0.3383936625 0.20811497499999998
1 0.688063209375 0.17852208593750002 0.6861731890625 0.1555296 0.6571713906250001 0.1166084921875 0.6216698015625 0.11358054531249999 0.59723119375 0.12758809531249998 0.583991265625 0.1473646109375 0.5804360453124999 0.1906608859375 0.60217043125 0.22126003437500003 0.622014796875 0.228866696875 0.643696859375 0.2278276734375 0.679078275 0.20485071562499998 0.688063209375 0.17852208593750002
1 0.7789630765625 0.22382280937500001 0.7480402046875 0.23645208750000002 0.7417439640625 0.2554454546875 0.7566025140625 0.2811944859375 0.77867615 0.28362730625 0.7939417984375 0.275576746875 0.8028588843750001 0.2548813828125 0.7957271718750001 0.23529289062499997 0.7789630765625 0.22382280937500001
1 0.736903628125 0.0815973796875 0.7086016015625 0.092524659375 0.7001439406250001 0.111058603125 0.71284106875 0.136348209375 0.7335364328125 0.14526529375 0.7540437718749999 0.13381073906250002 0.7642712796875 0.11226437656249999 0.7485617328124999 0.0852049234375 0.736903628125 0.0815973796875
1 0.5659069671875 0.3174694421875 0.5414683578124999 0.3314769921875 0.533402271875 0.3534827796875 0.547409821875 0.3779213875 0.5698750328125 0.383826053125 0.598244909375 0.3672655078125 0.6028391515625 0.34565129375 0.591384596875 0.3251439546875 0.5659069671875 0.3174694421875
1 0.1270878390625 0.6601970125000001 0.1637796765625 0.6363690546874999 0.170535340625 0.6152142656249999 0.16910474375 0.590060359375 0.1435747890625 0.5507476765625 0.1293636890625 0.5432088640625 0.091700678125 0.53972149375 0.051928571874999996 0.5674128703125 0.0429436359375 0.5937414999999999 0.0444420828125 0.6132621406250001 0.0640150484375 0.6434018640625 0.07946872187500001 0.6557229437500001 0.106256775 0.6625464578125 0.1270878390625 0.6601970125000001
1 0.0541153 0.349876946875 0.07789093281250001 0.3549306125 0.099181421875 0.350419746875 0.12584930156250002 0.3312383546875 0.139360628125 0.288928778125 0.12325950781249999 0.25839748125 0.0966071546875 0.2403074359375 0.060578290624999996 0.24507417656250002 0.022048756250000003 0.2775478203125 0.027614171875 0.2832489359375 0.0411778234375 0.27257752968750004 0.0618731875 0.2814946140625 0.078042159375 0.306392646875 0.043443893750000004 0.33631329375 0.0541153 0.349876946875
1 0.170450253125 0.1904901 0.1707061265625 0.20522847500000002 0.1835389546875 0.21925155 0.1982773296875 0.2189956765625 0.21361082812499999 0.20531185000000002 0.20137312500000001 0.17786082187500002 0.1892555953125 0.17641469999999998 0.170450253125 0.1904901
1 0.5655304296875 0 0.5562107671875001 0.007044728124999999 0.56989459375 0.0223782265625 0.586079090625 0.010004823437500001 0.5784301828125 0 0.5655304296875 0
1 0.54486660625 0.19326620625 0.534654625 0.1775411328125 0.5211588234375 0.1825792734375 0.5171597046875 0.190765534375 0.52999253125 0.20478861093749998 0.54486660625 0.19326620625
1 0.734883653125 0.2133239015625 0.7510681499999999 0.20095049843749999 0.752905846875 0.1923048140625 0.7323461828125 0.1721211984375 0.7144596890625 0.18187375625 0.7124862921874999 0.201785971875 0.734883653125 0.2133239015625
1 0.8987290421875 0.3193111734375 0.9010261625 0.3085040671875 0.89120575625 0.29625083750000003 0.86853699375 0.30724596875 0.8808425468750001 0.32906373125 0.8987290421875 0.3193111734375
1 0.66896690625 0.5765783734375 0.64275845 0.5935983421875 0.64262275 0.6048648734375 0.6528347328125 0.620589946875 0.6675052578125 0.6259673375 0.68624275 0.617525203125 0.6929305640625001 0.6020036796875 0.6823270078125 0.5828067625 0.66896690625 0.5765783734375
1 0.778144840625 0.6155983828125 0.7537062328124999 0.629605934375 0.7517328359375 0.64951815 0.7658082359375 0.6683234921875 0.788341296875 0.6685948921875 0.8041342203124999 0.6527496453125 0.8043377703125 0.6358498499999999 0.7988402046874999 0.6245154687500001 0.778144840625 0.6155983828125
1 0.8440943515624999 0.645429909375 0.845201225 0.6614787062499999 0.86288416875 0.6686259437500001 0.8746779734375 0.6609669578124999 0.8782855171874999 0.649308853125 0.8710859546874999 0.6353536265625 0.8624402703125 0.6335159296875 0.8440943515624999 0.645429909375
1 0.6622537859375 0.81009524375 0.6769921609375 0.8098393703125 0.688394390625 0.7987085390625001 0.6752378390625 0.7755803546875 0.6551899234375 0.7848734875 0.6537438015625 0.7969910171875 0.6622537859375 0.81009524375
1 0.8100078343750001 0.7048273046875 0.8197603906250001 0.7227138 0.84026773125 0.7112592453125 0.8283537531249999 0.6929133265625 0.8100078343750001 0.7048273046875
1 0.9392589906250001 0.5165588343749999 0.9491472484375001 0.5231787984375 0.9604816296875001 0.5176812328125 0.9661827453124999 0.5121158171875 0.9576727593750001 0.499011590625 0.9411645375000001 0.502279884375 0.9392589906250001 0.5165588343749999
1 0.4351746 0.916574703125 0.44598170625 0.9188718250000001 0.4630850515625 0.9021755796875001 0.44769922968750003 0.8842212343750001 0.4271918890625 0.8956757890624999 0.426205190625 0.905631896875 0.4351746 0.916574703125
1 0.6316178406249999 0.762920025 0.6334555374999999 0.754274340625 0.62271628125 0.746343953125 0.60745063125 0.7543945140625 0.616352190625 0.7709705859375 0.6316178406249999 0.762920025
1 0.4888806609375 0.7755027234375 0.49608022343749997 0.78945795 0.5131157187500001 0.7783949703124999 0.504605734375 0.7652907421874999 0.4888806609375 0.7755027234375
1 0.5151103875 0.8646637953124999 0.5005755640625 0.8480198734375 0.48563363906249996 0.86517554375 0.4984664671875 0.8791986203125 0.513732115625 0.8711480593750001 0.5151103875 0.8646637953124999
1 0.746361190625 0.8076411515625 0.7561815984375 0.8198943796875 0.7705962484375 0.8105333968749999 0.75907384375 0.795659321875 0.746361190625 0.8076411515625