0 0.5140625 0.5450781250000001 0.934375 0.9016093749999999
1 0.6453125 0.321875 0.65625 0.3453125 0.6734375 0.3625 0.684375 0.36875 0.7234375 0.36875 0.759375 0.340625 0.76875 0.3109375 0.76875 0.2890625 0.759375 0.259375 0.740625 0.24375 0.725 0.2375 0.6828125 0.2375 0.6515625 0.2609375 0.6453125 0.275 0.6453125 0.321875
1 0.4921875 0.434375 0.534375 0.434375 0.5546875 0.4109375 0.553125 0.371875 0.528125 0.353125 0.4984375 0.353125 0.484375 0.3625 0.475 0.3796875 0.475 0.409375 0.4921875 0.434375
1 0.35625 0.246875 0.3765625 0.2515625 0.40625 0.2484375 0.4328125 0.221875 0.4328125 0.1796875 0.40625 0.15625 0.38125 0.15 0.35 0.1515625 0.3375 0.1578125 0.3234375 0.178125 0.325 0.215625 0.35625 0.246875
1 0.3375 0.3265625 0.359375 0.33125 0.3796875 0.3203125 0.3828125 0.2921875 0.36875 0.278125 0.3421875 0.2765625 0.3265625 0.2875 0.325 0.3140625 0.3375 0.3265625
1 0.1890625 0.209375 0.2171875 0.2140625 0.2328125 0.20625 0.2359375 0.18125 0.2296875 0.165625 0.2 0.159375 0.184375 0.16875 0.1828125 0.2 0.1890625 0.209375
1 0.278125 0.2546875 0.290625 0.246875 0.2921875 0.228125 0.2859375 0.215625 0.2625 0.2125 0.25 0.2203125 0.2515625 0.2515625 0.278125 0.2546875
1 0.1453125 0.3375 0.175 0.340625 0.184375 0.3359375 0.190625 0.3046875 0.1796875 0.2921875 0.146875 0.2921875 0.1375 0.303125 0.1359375 0.321875 0.1453125 0.3375
1 0.1140625 0.3984375 0.1171875 0.371875 0.0984375 0.3671875 0.0859375 0.375 0.0875 0.3984375 0.1140625 0.3984375
1 0.1140625 0.5234375 0.1140625 0.5015625 0.1078125 0.496875 0.0921875 0.5 0.090625 0.521875 0.1140625 0.5234375
1 0.4296875 0.60625 0.4671875 0.6140625 0.4921875 0.60625 0.5015625 0.5953125 0.509375 0.5625 0.5 0.5375 0.4890625 0.5296875 0.4734375 0.5234375 0.440625 0.5234375 0.421875 0.5375 0.4171875 0.5484375 0.4171875 0.590625 0.4296875 0.60625
1 0.3875 0.4796875 0.4203125 0.4796875 0.434375 0.46875 0.4390625 0.434375 0.425 0.4203125 0.3953125 0.4140625 0.371875 0.43125 0.3703125 0.4578125 0.3875 0.4796875
1 0.6734375 0.871875 0.696875 0.9015625 0.721875 0.91875 0.7703125 0.928125 0.80625 0.925 0.86875 0.8921875 0.896875 0.8484375 0.9 0.790625 0.884375 0.753125 0.8359375 0.70625 0.8015625 0.6921875 0.7390625 0.6890625 0.703125 0.696875 0.675 0.7203125 0.6578125 0.7484375 0.6546875 0.765625 0.6578125 0.834375 0.6734375 0.871875
1 0.2171875 0.865625 0.2390625 0.8890625 0.2609375 0.896875 0.278125 0.8953125 0.3078125 0.8828125 0.315625 0.871875 0.31875 0.8328125 0.3015625 0.8078125 0.2546875 0.7953125 0.2296875 0.8 0.2171875 0.8125 0.2125 0.83125 0.2171875 0.865625
1 0.41875 0.915625 0.4390625 0.9171875 0.446875 0.9109375 0.45 0.8859375 0.44375 0.8796875 0.4140625 0.88125 0.4109375 0.9078125 0.41875 0.915625
1 0.928125 0.43125 0.9296875 0.415625 0.9234375 0.4078125 0.915625 0.4046875 0.9015625 0.4109375 0.903125 0.4328125 0.928125 0.43125
1 0.9296875 0.61875 0.93125 0.5984375 0.9125 0.5953125 0.9046875 0.6 0.9078125 0.61875 0.9296875 0.61875
1 0.9359375 0.490625 0.934375 0.4640625 0.9125 0.4671875 0.9140625 0.490625 0.9359375 0.490625
1 0.9015625 0.1796875 0.8984375 0.1609375 0.8796875 0.1640625 0.88125 0.18125 0.9015625 0.1796875
1 0.10625 0.5828125 0.1171875 0.565625 0.1109375 0.5578125 0.096875 0.5578125 0.090625 0.575 0.10625 0.5828125
1 0.378125 0.8765625 0.38125 0.86875 0.375 0.8546875 0.3546875 0.8578125 0.3578125 0.8765625 0.378125 0.8765625
1 0.60625 0.6984375 0.6015625 0.6828125 0.584375 0.6890625 0.5875 0.7015625 0.60625 0.6984375
1 0.4890625 0.671875 0.4953125 0.6625 0.49375 0.65 0.4890625 0.6453125 0.471875 0.65 0.471875 0.6671875 0.4890625 0.671875
1 0.3296875 0.475 0.3359375 0.46875 0.3296875 0.4578125 0.3125 0.459375 0.3140625 0.475 0.3296875 0.475
1 0.7140625 0.1765625 0.7125 0.1578125 0.6953125 0.1609375 0.696875 0.1765625 0.7140625 0.1765625