0 0.5 0.51171875 1 0.9765625
1 0.7185396203125001 0.221762303125 0.697576175 0.2092628203125 0.6811658296875 0.20553405625 0.639497728125 0.212133634375 0.6122989 0.2401711578125 0.6083257078125001 0.25503824062499997 0.6156585734375 0.30133613124999997 0.630127846875 0.322774075 0.6497924578125 0.33706125 0.6615730140625 0.3415233015625 0.700154590625 0.3354125796875 0.7312499203125 0.30201198125 0.73586535 0.2712234109375 0.732443346875 0.249617728125 0.7185396203125001 0.221762303125
1 0.46113091875 0.41440160625000005 0.4820176734375 0.436405096875 0.523685775 0.42980551718750004 0.5400817609375 0.403478996875 0.5324277765625001 0.36514185 0.504802421875 0.35053355625 0.47548042500000004 0.35517770312499997 0.46305763125 0.3666371421875 0.45648677031249996 0.3850796078125 0.46113091875 0.41440160625000005
1 0.2859707265625 0.18744599687500002 0.275258934375 0.20970827500000003 0.28266848906250003 0.246502159375 0.3184223265625 0.27247884375 0.33921803281249996 0.2739310578125 0.3680511734375 0.2662003828125 0.3901313546875 0.23580962031250002 0.383531775 0.19414151875000002 0.3536298703125 0.1751478640625 0.32795994687499996 0.1728856734375 0.297339115625 0.17931751406250002 0.2859707265625 0.18744599687500002
1 0.3123690421875 0.3541184046875 0.33470801093749997 0.3553261890625 0.353059428125 0.3413457734375 0.3517462359375 0.31307818125 0.33565700781249996 0.30138867343750003 0.30917710781249996 0.3040007 0.2954554796875 0.3172478296875 0.2980675078125 0.34372773125 0.3123690421875 0.3541184046875
1 0.147426890625 0.2615944171875 0.1759389109375 0.2618244875 0.19014939687500002 0.2516638828125 0.1893250625 0.22648281718750002 0.180707721875 0.212027903125 0.15040800781250002 0.2104989984375 0.1364419515625 0.222202865625 0.139787265625 0.2533125546875 0.147426890625 0.2615944171875
1 0.2536052796875 0.2827448546875 0.252215396875 0.2639812703125 0.2440869140625 0.25261288125000003 0.22044911093750003 0.2531927875 0.20932515000000002 0.2628645328125 0.215756990625 0.293485365625 0.24248132031249997 0.2924166015625 0.2536052796875 0.2827448546875
1 0.12425869062499999 0.39498599375 0.15406954687500002 0.393428371875 0.1625958375 0.387332009375 0.16388031249999999 0.355489034375 0.151122040625 0.34485393124999997 0.1187135171875 0.3499869375 0.111164940625 0.3622563515625 0.112554825 0.38101993749999996 0.12425869062499999 0.39498599375
1 0.0714809890625 0.441312603125 0.076690684375 0.46421712031249995 0.10292615624999998 0.4600618296875 0.10185739062500002 0.43333750000000004 0.0826049484375 0.43164085781250006 0.0714809890625 0.441312603125
1 0.09720834843750001 0.5637959296874999 0.0990870890625 0.5856460421875 0.12248046406249999 0.583522871875 0.119058459375 0.5619171890625 0.11215212187500001 0.558265115625 0.09720834843750001 0.5637959296874999
1 0.44502243750000003 0.5324372421875 0.428703140625 0.5492597546875 0.42578435312499996 0.5607958828124999 0.4323839328125 0.602463984375 0.44717432500000004 0.615941184375 0.4854347828125 0.6177912078125 0.5089048468749999 0.6061640296874999 0.5164534234375 0.593894615625 0.5190367328125001 0.5602639484374999 0.5058662921875 0.5370383125 0.49384130624999995 0.5310330000000001 0.4774309609375 0.5273042359375 0.44502243750000003 0.5324372421875
1 0.3857074859375 0.4975364578125 0.4181160109375 0.49240345156250004 0.430294375 0.4794007515625 0.42954672968749996 0.444715678125 0.41345750312499996 0.4330261703125 0.383157790625 0.431497265625 0.3626975625 0.45213959218750005 0.3653095890625 0.47861949218750005 0.3857074859375 0.4975364578125
1 0.9192401796875 0.6898791140625 0.8640661609375 0.6511585171875 0.8279145140624999 0.642646584375 0.765695134375 0.6493372125 0.7314222296875 0.662675390625 0.707309928125 0.69022405625 0.694733753125 0.7206915078125 0.6943359453125 0.738156259375 0.708177340625 0.805570975 0.7294762625 0.8401649984375 0.7572693562499999 0.8658205640625001 0.7846502828124999 0.8788855953124999 0.833958009375 0.8805678796875 0.8689642015624999 0.8718594890625001 0.9255617171875 0.8296738124999999 0.9464964437500001 0.782062728125 0.940539103125 0.7244731375 0.9192401796875 0.6898791140625
1 0.30390475625 0.8300520421875 0.279945834375 0.8385926937500001 0.2695551609375 0.852894228125 0.26785851875 0.872146671875 0.27786574218750004 0.905365171875 0.3031378578125 0.9250921125 0.325965684375 0.929386425 0.3426971484375 0.92515444375 0.370063715625 0.9081641921875001 0.376069028125 0.89613920625 0.373044834375 0.857068771875 0.352158078125 0.83506528125 0.30390475625 0.8300520421875
1 0.5050752453125 0.9215839546875 0.5118138453125 0.9141887578125001 0.510989509375 0.8890076921875 0.5038387421875 0.88381235625 0.4747611734375 0.8899997671875 0.4758299375 0.9167240953125001 0.484768396875 0.9232182671875 0.5050752453125 0.9215839546875
1 0.9038029796875 0.3427072625 0.89559780625 0.34084288125 0.8826861546875 0.3492157921875 0.887651421875 0.3705770453125 0.9120992015624999 0.365122921875 0.9111981765625 0.3494458625 0.9038029796875 0.3427072625
1 0.915348571875 0.5354617609375001 0.9213682437499999 0.5534920609375 0.9429739265625001 0.5500700562499999 0.9413396140625 0.5297632078125 0.9223316 0.529609828125 0.915348571875 0.5354617609375001
1 0.9291038125 0.422544771875 0.9234052593750001 0.3965537296875 0.9022884343750001 0.40306225937500006 0.9074981296875 0.42596677656250004 0.9291038125 0.422544771875
1 0.846510684375 0.1208128640625 0.8404910125 0.10278256562500002 0.8224607140625 0.1088022375 0.8266926937499999 0.12553370156250002 0.846510684375 0.1208128640625
1 0.11088200468750001 0.6201633765625 0.1073976703125 0.6381169843750001 0.1240524453125 0.6433890109375 0.13216656875 0.624702115625 0.12477137187500001 0.617963515625 0.11088200468750001 0.6201633765625
1 0.41245074531250003 0.8761391171874999 0.41847041718750005 0.894169415625 0.43853283750000005 0.890991840625 0.44039721875 0.88278666875 0.43202430625000005 0.8698750171875 0.41245074531250003 0.8761391171874999
1 0.63598435 0.67937324375 0.6289102734375 0.6646739 0.6129120953125 0.67353566875 0.6179540515624999 0.685392915625 0.63598435 0.67937324375
1 0.5172921171875 0.6491309671875001 0.5119290421875 0.6452344640625001 0.49568643593750006 0.6525529703124999 0.498375153125 0.6695288640625 0.5160843328125 0.6714699359375 0.5207908109375 0.6612326421875 0.5172921171875 0.6491309671875001
1 0.3084532859375 0.4892066234375 0.31244083749999996 0.504394825 0.3278734671875 0.5019505359374999 0.3330688046875 0.49479976875 0.32518474999999997 0.4849746421875 0.3084532859375 0.4892066234375
1 0.6608302625 0.1470578 0.6563538531249999 0.128783071875 0.6398668187500001 0.134558315625 0.6438543703125 0.1497465171875 0.6608302625 0.1470578