0 0.5 0.5 1 1
1 0.1525257015625 0.5666137640625 0.16014661562500002 0.5898005015625001 0.170085371875 0.6033807906249999 0.2058624 0.625736759375 0.2447838859375 0.622420609375 0.2575361765625 0.613806928125 0.2823761421875 0.5740546734375 0.2855205984375 0.5483825546875 0.280052759375 0.524698740625 0.274089228125 0.5136024484374999 0.24096235 0.49290247656249997 0.19558164218750002 0.49770985625 0.1718992125 0.517918290625 0.1603072296875 0.53646934375 0.1525257015625 0.5666137640625
1 0.47317726875000005 0.590102340625 0.4718494234375 0.55979315 0.4360723953125 0.53743718125 0.40642643593749994 0.5465493234375 0.3870515390625 0.5805042015625 0.3983167546875 0.609653084375 0.42349318281250004 0.6253850625 0.440386853125 0.6248866015625001 0.45744529062500006 0.61527876875 0.47317726875000005 0.590102340625
1 0.4564760671875 0.8763033390625001 0.479165728125 0.8665293515625001 0.49771262656250004 0.8338995484374999 0.48777109999999996 0.7908380687500001 0.4730291203125 0.7760988578125 0.44619669375 0.7630170296875 0.4095944359375 0.7714673265624999 0.3872384671875 0.80724435625 0.3973447625 0.8411964640624999 0.41523396874999996 0.8597447468749999 0.4425634703125 0.8749796484375001 0.4564760671875 0.8763033390625001
1 0.5458999437500001 0.733195221875 0.5298328875 0.7176280125 0.5068109187500001 0.716139553125 0.48925678906250003 0.738334909375 0.4937304765625 0.757712575 0.5154287546874999 0.7731136296875001 0.5344754984375 0.7721180921874999 0.5498765531250001 0.7504198140625 0.5458999437500001 0.733195221875
1 0.60968216875 0.9112357484375 0.5883148125 0.8923565437500001 0.5709240671875 0.89070193125 0.5550259343749999 0.9102471359375001 0.552046246875 0.9268098828125 0.5739106796875 0.9478421625 0.5921294234375 0.9481717 0.6100144765625 0.9224981953125001 0.60968216875 0.9112357484375
1 0.54342425625 0.8256140203125 0.5321631953125 0.8406869234375 0.5308395046875 0.8545995203125001 0.549059634375 0.869669653125 0.5638002296875 0.8696682671874999 0.5790351312500001 0.842338765625 0.5581648515625 0.8256126359374999 0.54342425625 0.8256140203125
1 0.714680178125 0.8257635546875 0.6911597484375 0.8073814265625 0.6807253015625 0.8063886578125 0.6588650234375 0.829578165625 0.661516559375 0.845974759375 0.6893431375 0.8633627359375 0.7030895796875 0.8590552015625 0.714350640625 0.8439823000000001 0.714680178125 0.8257635546875
1 0.78490500625 0.8254257078125 0.7959999140625 0.8047215812499999 0.7734736375 0.7906456015625001 0.75674750625 0.8115158812500001 0.7701644109375 0.8254270921875 0.78490500625 0.8254257078125
1 0.8458446140625 0.7161077 0.8587616734375001 0.698384646875 0.8397135453125 0.6846395890625 0.8281215609375 0.703190640625 0.830937865625 0.7104778625 0.8458446140625 0.7161077
1 0.5627728390625 0.5115878296874999 0.5861257296875 0.5095981390625 0.595896946875 0.502806609375 0.6182529156250001 0.46702957968750003 0.6159323031249999 0.4471548375 0.58827049375 0.420657490625 0.5629292968749999 0.414034884375 0.5491828546875 0.4183424171875 0.525169503125 0.44202900156249997 0.519871971875 0.468198196875 0.5250075046875 0.4806195640625 0.5349462609375 0.49419985312500003 0.5627728390625 0.5115878296874999
1 0.5846414249999999 0.57684189375 0.5568148468749999 0.55945391875 0.5390931796875 0.5612774546875 0.5169019796875001 0.5879451109375 0.521375665625 0.607322778125 0.5432400984375 0.62835505625 0.5722242125 0.6261992125 0.58762526875 0.6045009343750001 0.5846414249999999 0.57684189375
1 0.3439968109375 0 0.31478854843750004 0.041568315625000005 0.3081673265625 0.0816501078125 0.324404690625 0.14707032656250002 0.3461043546875 0.177211978125 0.3974513625 0.21298208281250003 0.4320680859375 0.22540068125 0.46833942031250003 0.22042853281250002 0.4978192265625 0.20568516718750002 0.5095773640625 0.1927653375 0.5433591640625 0.132806034375 0.549980384375 0.0927242421875 0.5458362359375 0.05512783125 0.5337430203125 0.0273040234375 0.504415934375 0 0.3439968109375 0
1 0.8645285812499999 0.379556615625 0.8882137796875 0.388829371875 0.905438371875 0.3848527625 0.919349584375 0.37143585625000003 0.9335903328124999 0.33980020624999996 0.9274592640625 0.3083320953125 0.91304820625 0.2901147359375 0.8976443812499999 0.28233182343749996 0.8658439625 0.277200446875 0.8534225937500001 0.282335978125 0.8300724718750001 0.31380685937499997 0.8314003171875 0.34411605 0.8645285812499999 0.379556615625
1 0.7727536234375 0.17849689062500002 0.762816253125 0.17965719687499998 0.7469181203125 0.1992024015625 0.7489064265625001 0.207814696875 0.774910853125 0.2222216 0.7916369828125001 0.2013513203125 0.7891516015625 0.19058595 0.7727536234375 0.17849689062500002
1 0.09205270156249999 0.3537917453125 0.0970220796875 0.360581890625 0.11225975156250001 0.36273357968750003 0.1225266609375 0.343354528125 0.10049745937500001 0.331431621875 0.0908923953125 0.343854375 0.09205270156249999 0.3537917453125
1 0.2097974625 0.20074348749999998 0.21708329843750002 0.18318658906250002 0.19853224687499998 0.1715946046875 0.1864431859375 0.1879925828125 0.200688090625 0.20057871875000002 0.2097974625 0.20074348749999998
1 0.12533604062499998 0.276938771875 0.11258513437499999 0.30029304843750004 0.132792184375 0.30923488125 0.1438870921875 0.28853075625 0.12533604062499998 0.276938771875
1 0 0.583661678125 0.0077698984375000005 0.5682836109375 0 0.5642213828125 0 0.583661678125
1 0.8725053468749999 0.6645959234375 0.886913634375 0.6533320921875 0.8778028765625001 0.6384267265625 0.8594193640625001 0.6472065625 0.8605796703124999 0.6571439328124999 0.8725053468749999 0.6645959234375
1 0.8128437249999999 0.273561684375 0.8201295609375 0.256004784375 0.802903584375 0.24524079843750002 0.796113440625 0.2502101765625 0.7939617515624999 0.26544784843749997 0.8128437249999999 0.273561684375
1 0.51505074375 0.275411534375 0.51074598125 0.2911462828125 0.528633803125 0.29495396875 0.53260764375 0.28269737031250003 0.51505074375 0.275411534375
1 0.584788190625 0.37610478125 0.58627941875 0.382564003125 0.6033392421875 0.387696765625 0.6124472296875 0.3731209375 0.6003554 0.36003772500000003 0.59008710625 0.36467618125 0.584788190625 0.37610478125
1 0.6374810484375 0.633811815625 0.6444359609375 0.619733065625 0.631185209375 0.6114530765625 0.6225729140625 0.6134413828125 0.6220772218749999 0.626028903125 0.6374810484375 0.633811815625
1 0.1470689421875 0.6608547140625001 0.13845803125 0.6775836140625 0.15468985625 0.6840414515625 0.16164476875 0.6699627015625 0.1470689421875 0.6608547140625001