1 0.388527790625 0.959532521875 0.4212333859375 0.9562551390625 0.45154241875 0.9352196203125 0.46856028125 0.897684121875 0.440975684375 0.86318936875 0.39949311875000004 0.85453695 0.3604363046875 0.8649787640625 0.34499143125 0.89807943125 0.3569023046875 0.9370610359375 0.388527790625 0.959532521875
1 0.5963648234375001 0.8824375906249999 0.5765594 0.8687009625 0.5551263671875 0.88440124375 0.562101153125 0.9146615828125 0.564939671875 0.9187687046875 0.596507259375 0.9152168546875 0.5963648234375001 0.8824375906249999
1 0.43781765312500004 0.5721045640625 0.452026396875 0.6104668640625001 0.47415960625000003 0.626382784375 0.5116435328125 0.618335565625 0.532824771875 0.600326884375 0.544361171875 0.5704470671874999 0.5254210578125 0.538973846875 0.49931946250000003 0.5302298624999999 0.47577488749999997 0.5271922921875001 0.4505220125 0.546954725 0.43781765312500004 0.5721045640625
1 0.42385785781249996 0.50835261875 0.43307379843750005 0.485830578125 0.42814321250000004 0.46082579843750004 0.4084593765625 0.450200703125 0.388210521875 0.4539132 0.36988355156249997 0.45951058749999996 0.3563473921875 0.48411109375 0.36704993125 0.5104617859375 0.40358545 0.5200316218750001 0.40529130156250004 0.51527044375 0.42385785781249996 0.50835261875
1 0.3173433859375 0.3909345046875 0.3280641484375 0.3729997453125 0.3180264859375 0.3468507421875 0.295499540625 0.3403296078125 0.272524709375 0.3491488203125 0.2629798375 0.363986134375 0.26320256875000003 0.3944065109375 0.2942134171875 0.3999120140625 0.3173433859375 0.3909345046875
1 0.2138410671875 0.25726535781250004 0.2269967390625 0.29293226875 0.26611247968749996 0.3136264390625 0.2913199796875 0.31467837187500003 0.31917276875 0.3039866890625 0.34024321562500004 0.2884841703125 0.34734263906249996 0.24745548125 0.324584575 0.2281241375 0.3004989796875 0.21098943750000002 0.2643159 0.215615090625 0.22813476875 0.23354395 0.2138410671875 0.25726535781250004
1 0.198676871875 0.355477625 0.21317056562499997 0.3468746421875 0.2172084359375 0.31838869999999997 0.1931121671875 0.30693349375 0.1723256484375 0.31147331093749997 0.1648546578125 0.32992129375 0.16951720625 0.3457300875 0.185426403125 0.3563145703125 0.198676871875 0.355477625
1 0.42565936875 0.3966369046875 0.45449787031250005 0.43378342812500004 0.45500435625 0.437570653125 0.4544860078125 0.4330549171875 0.47809828281250005 0.4390941578125 0.5053165453124999 0.42673639531249996 0.52501805 0.399919865625 0.5110597218749999 0.358259721875 0.47375437187499997 0.35210931875 0.4440475015625 0.363931134375 0.42565936875 0.3966369046875
1 0.6058954984375 0.30756213125 0.6493938484374999 0.3067783328125 0.67891713125 0.282710496875 0.693231678125 0.2403431640625 0.6739675671875001 0.193820875 0.64567560625 0.1739861421875 0.6044936843750001 0.17116150000000002 0.5697485999999999 0.201228834375 0.5517936984375 0.23138333125 0.567257625 0.2839853609375 0.6011039953124999 0.3072158703125 0.6058954984375 0.30756213125
1 1 0.6707855109375 0.9838075 0.6285727046875 0.9397104078125 0.5860464249999999 0.8758652171874999 0.564913478125 0.8157886781249999 0.5738724078125 0.763835846875 0.5980646640625 0.7436998484374999 0.6362146671875 0.7355052921875 0.6933827906250001 0.7569789421875 0.7504964109375 0.8060603640625 0.7959094546875 0.806747571875 0.7931870484375 0.8554064578125 0.8093945046875 0.8985553671875 0.8055276062500001 0.9563365875000001 0.7756385765625 0.9910604203125001 0.7381081640625 1 0.691786471875 1 0.6707855109375
1 0.1433419171875 0.4685677328125 0.1512507515625 0.43572553281250004 0.1259292296875 0.4193213328125 0.0916436625 0.43101787187499996 0.0890795609375 0.460461121875 0.118858896875 0.4789734296875 0.1433419171875 0.4685677328125
1 0.15056702187499998 0.3106205125 0.1373142796875 0.2828888859375 0.10434683281249998 0.2841412296875 0.0831471109375 0.3058775609375 0.08721399375 0.33605746875000003 0.1159963171875 0.34112468125 0.1374652953125 0.3310073359375 0.15056702187499998 0.3106205125
1 0.105767425 0.5434975328125 0.1078481640625 0.521039925 0.09535681875 0.5097191921875 0.0688147078125 0.5184232125 0.0686248875 0.5410587437500001 0.088557353125 0.5581391203125 0.105767425 0.5434975328125
1 0.1575999703125 0.6667058531250001 0.15250994843750001 0.64534056875 0.14531005156250001 0.6311317234375 0.12470738906250001 0.636882990625 0.1176043484375 0.6558491546874999 0.13132189218749998 0.6722172640624999 0.1575999703125 0.6667058531250001
0 0.5 0.5 1 1