1 0.968958634375 0.4393865453125 0.9541782968750001 0.41002774999999997 0.9236781625000001 0.3892702859375 0.8825371000000001 0.38683426249999997 0.8602189078125001 0.42494851718750004 0.8670072031249999 0.466776578125 0.8907521859375 0.49949724218749997 0.92718926875 0.50205405625 0.95931325625 0.47696454062500004 0.968958634375 0.4393865453125
1 0.822502184375 0.2729823125 0.8167755671875 0.29639503437500003 0.8391139531249999 0.3107780171875 0.8648648734375 0.2934221578125 0.86768196875 0.28930031093749997 0.8530532203125001 0.2611022984375 0.822502184375 0.2729823125
1 0.5895995703125 0.5322122578124999 0.620321903125 0.5051994328125 0.6272488625 0.478832546875 0.6063031 0.4467221515625 0.5818998703125 0.4334014953125 0.54987038125 0.43333930781249996 0.527275128125 0.4623004203125 0.5284658906249999 0.489801921875 0.5340676953125 0.5128712453125 0.5615673375 0.5293646125 0.5895995703125 0.5322122578124999
1 0.5350847453124999 0.568091503125 0.5107559109375 0.5675588578124999 0.4891789015625 0.58112286875 0.48631357656249996 0.60330700625 0.49703603281250003 0.6208805015625 0.5088294421875 0.635984278125 0.53664691875 0.6398053375 0.5574119609375 0.6203704125 0.5532530140625 0.5828320453125 0.54819675 0.58294575 0.5350847453124999 0.568091503125
1 0.463636865625 0.7096102171875 0.44305134687500003 0.7060287656249999 0.42223632499999997 0.7247706968750001 0.4242212578125 0.7481383765625 0.44068814375 0.76642670625 0.457960546875 0.7700203953125 0.4862805953125 0.7589107703125 0.48030713125 0.7279866515625 0.463636865625 0.7096102171875
1 0.37593787968750003 0.85414069375 0.4045212375 0.8290769390625 0.40982308281249996 0.785143121875 0.40177158593750006 0.7612329140625 0.38180849375000003 0.7390616515625 0.359784671875 0.7249463015625001 0.3189368859375 0.7330217859375 0.3090452828125 0.761196003125 0.30168016875000003 0.7898223703125 0.3189654421875 0.8219444984375001 0.34866963281249996 0.8492973656249999 0.37593787968750003 0.85414069375
1 0.473061290625 0.8331015624999999 0.45983563906249997 0.822653565625 0.431794678125 0.8290923375 0.42973565156250004 0.855693321875 0.4414231578125 0.8734722843749999 0.4613231984375 0.8738358890625 0.4744110703125 0.863817659375 0.478591190625 0.84517200625 0.473061290625 0.8331015624999999
1 0.4301435359375 0.606444978125 0.454488009375 0.5662097937499999 0.4578421796875 0.564379728125 0.45381213750000005 0.56648194375 0.450988371875 0.542273715625 0.42969725312499996 0.5212919046875 0.397601478125 0.51250915 0.3637106 0.5404700328125001 0.371337746875 0.5775016859375001 0.39302035156250004 0.600998878125 0.4301435359375 0.606444978125
1 0.28239421875000004 0.4701016 0.26607406562499997 0.42977328124999997 0.2330246078125 0.41083606250000004 0.1883414203125 0.4126553765625 0.1518127625 0.4473120703125 0.143434375 0.480833021875 0.155555625 0.5202919203125 0.196077425 0.5419540828125 0.230663534375 0.547910021875 0.274229984375 0.514622321875 0.2837880796875 0.4746989421875 0.28239421875000004 0.4701016
1 0.44915243125000004 0 0.446651859375 0.0022504515625 0.42275314062499997 0.058658689062500005 0.42590390468750006 0.1258366796875 0.45579729375 0.17871236875000002 0.4970009390625 0.218544784375 0.5398331328125 0.22367162031249999 0.5961408390625 0.2108346734375 0.6417655296875 0.17031960468750001 0.66657305 0.1082235703125 0.663785190625 0.1085576296875 0.6614783703125 0.05732241406250001 0.6424051234375 0.018425209375 0.6216875953125001 0 0.44915243125000004 0
1 0.5984702765625001 0.8442333218750001 0.56497516875 0.84861938125 0.5587349500000001 0.878137796875 0.5819414593750001 0.9059544671875001 0.61034799375 0.8977967453125 0.6169587609375 0.8633611218749999 0.5984702765625001 0.8442333218750001
1 0.44842459687499997 0.8940913265624999 0.42728425156250005 0.9164019546875 0.44026789062500005 0.9467309171875 0.4681578046875 0.958732959375 0.49487573749999997 0.9441206843750001 0.489291725 0.91543414375 0.47215257499999996 0.8990168593750001 0.44842459687499997 0.8940913265624999
1 0.6818887640625 0.8524596953125 0.6601771109375 0.85856524375 0.65408479375 0.87428390625 0.671722540625 0.8959438593750001 0.6929226546875 0.8880092234375001 0.701725403125 0.8632796046875001 0.6818887640625 0.8524596953125
1 0.7783385171874999 0.75991593125 0.7602164078125 0.772324509375 0.74953151875 0.7841381875 0.762284125 0.8013113593750001 0.782536065625 0.801145753125 0.7929010843750001 0.7824735171875 0.7783385171874999 0.75991593125
0 0.5 0.5 1 1