1 0.10227656249999999 0.2629578125 0.111053125 0.29879218750000003 0.139996875 0.32813125 0.1820859375 0.314740625 0.2050296875 0.27911406250000004 0.20927812499999998 0.23890937499999998 0.1839109375 0.212628125 0.14325000000000002 0.209778125 0.1109375 0.23125 0.10227656249999999 0.2629578125
1 0.08577343750000001 0.410553125 0.07777656250000001 0.44129687500000003 0.1084296875 0.4529109375 0.1283515625 0.43934375000000003 0.12137500000000001 0.41370781250000005 0.090625 0.409375 0.08577343750000001 0.410553125
1 0.391271875 0.430584375 0.3853515625 0.46846249999999995 0.39457343749999996 0.49469062499999994 0.418334375 0.5161687500000001 0.45450468749999995 0.509765625 0.472021875 0.48853125000000003 0.4832953125 0.4676390625 0.4738953125 0.43698125 0.45496875000000003 0.41610781250000006 0.4140625 0.415625 0.391271875 0.430584375
1 0.5623234375 0.4469546875 0.579296875 0.4323859375 0.5830875 0.41215156249999996 0.5844296875 0.3930359375 0.5663140624999999 0.37158281249999997 0.537878125 0.37213124999999997 0.5158507546875 0.402810571875 0.519684375 0.40610937500000005 0.5194890625 0.42592187499999995 0.5372125 0.442596875 0.5623234375 0.4469546875
1 0.6672796875 0.36856093749999996 0.68018125 0.384996875 0.7081906250000001 0.384996875 0.7223515625 0.366303125 0.7223515625 0.34169375 0.7119203125 0.327465625 0.683440625 0.31677187500000004 0.6671875 0.34375 0.6672796875 0.36856093749999996
1 0.7477968749999999 0.37159375 0.7477968749999999 0.40142812499999997 0.75471875 0.4266546875 0.790478125 0.44798593750000004 0.81668125 0.43366718750000005 0.841309375 0.417321875 0.8499578124999999 0.381884375 0.8461859374999999 0.34168125 0.8291625 0.3198359375 0.79115 0.3193359375 0.7578125 0.3484375 0.7477968749999999 0.37159375
1 0.7429078125 0.2704828125 0.7457453125 0.287096875 0.7708921875 0.301075 0.7902218750000001 0.282684375 0.7934328125000001 0.2616515625 0.7788875 0.248065625 0.7624578125 0.246753125 0.746875 0.2578125 0.7429078125 0.2704828125
1 0.5744078125 0.480365625 0.578809375 0.48150000000000004 0.564709375 0.5013796875 0.5664921875 0.5312187500000001 0.5844671875 0.559221875 0.6283624999999999 0.5611203125 0.6474734375 0.528496875 0.6470828125 0.4965265625 0.6231390625000001 0.4676390625 0.578125 0.48125 0.5744078125 0.480365625
1 0.6731625 0.77345 0.7234984375 0.7721375 0.7521546875 0.7528328125 0.76955 0.7153984375 0.75393125 0.6721859375 0.7322140625 0.6446171875 0.6775640625 0.640203125 0.6437470578125 0.6634763640625 0.641706675 0.6678255296875 0.62685 0.708715625 0.6387390625 0.744903125 0.6731625 0.77345
1 0.11635781249999999 0.6813046875000001 0.0837890625 0.7209234375 0.0719359375 0.7625921875 0.07913281250000001 0.8272468749999999 0.1017265625 0.8731140625 0.1538453125 0.9055843749999999 0.2065859375 0.905596875 0.262090625 0.8796687500000001 0.3047 0.8276375 0.317865625 0.768340625 0.3138984375 0.71116875 0.2854984375 0.6786984375 0.2350640625 0.6505609375 0.17404843750000001 0.6501406249999999 0.1140625 0.6796875 0.11635781249999999 0.6813046875000001
1 0.6841734374999999 0.1305421875 0.6562187500000001 0.15170937499999998 0.657159375 0.1782953125 0.6849859375 0.19744843750000002 0.709375 0.1796875 0.7107421875 0.1434875 0.6841734374999999 0.1305421875
1 0.7876890624999999 0.22210625 0.8020265625 0.24164375 0.832665625 0.239209375 0.8433109375000001 0.2079828125 0.8306156250000001 0.1804015625 0.8009828125 0.1733828125 0.7859375 0.1984375 0.7876890624999999 0.22210625
1 0.616259375 0.08256250000000001 0.5931703125000001 0.09505 0.600671875 0.1163640625 0.6208921875 0.1263546875 0.6359375 0.11875 0.6373234375 0.09085156250000001 0.616259375 0.08256250000000001
1 0.491540625 0.0871515625 0.47134375000000006 0.09409218750000001 0.46707187499999997 0.1206 0.48884218749999997 0.12350468750000002 0.5046875 0.121875 0.5067015625 0.10057968749999999 0.491540625 0.0871515625
0 0.46253124999999995 0.5129374999999999 0.8875624999999999 0.9665156250000002