1 0.5010915953125 0.604879403125 0.44754482968750003 0.534759821875 0.42204700156249997 0.47841225156249995 0.40322580781250006 0.42741106875 0.4040201984375 0.39513716875 0.38604863749999996 0.38024815156249997 0.3689233953125 0.38796445468749996 0.35021489687499996 0.40960965624999995 0.3346430796875 0.40510406093749995 0.29743600468750003 0.380386259375 0.2652438625 0.3655535890625 0.218658784375 0.358095821875 0.2186201140625 0.374344915625 0.231646346875 0.4326944828125 0.24109727187500002 0.46338954687499995 0.236743040625 0.509814421875 0.241977840625 0.5324860328125001 0.2532805 0.568422525 0.2694997625 0.5780391765624999 0.27743151093749996 0.6320212546875 0.314419825 0.68717779375 0.3682549578125 0.7559461390625 0.4280806109375 0.8143399 0.5132582515624999 0.8668116421875001 0.545640428125 0.8786501578125 0.566515546875 0.8794478625 0.586701234375 0.873963365625 0.6001915062500001 0.8581926734374999 0.607105684375 0.8302000843749999 0.5937568343749999 0.7920273671875 0.58265194375 0.726844275 0.5536152671875 0.670729828125 0.5010915953125 0.604879403125
1 0.49980695468749997 1 0.501942334375 0.9872496046875 0.5105568828125 0.949745325 0.49323608124999996 0.9105439875 0.4469669921875 0.862392225 0.41254856875 0.84312135625 0.39505209531249996 0.8476799843749999 0.3867303328125 0.8695781984375 0.39427538281249996 0.8978127515625 0.395172525 0.9185707546874999 0.394330625 0.9462318875 0.3948488015625 0.9779180046875 0.3957387796875 1 0.49980695468749997 1
1 0.2345200734375 0.65459674375 0.226025953125 0.6300579296875 0.206833528125 0.597348715625 0.179556884375 0.5880171171875 0.1613267875 0.6005417453125 0.1668698421875 0.6300535093749999 0.186760534375 0.649305596875 0.2132726203125 0.6619561796875 0.2345200734375 0.65459674375
1 0.25030291718750003 0.7541165000000001 0.2608940515625 0.7681591984375 0.2758913453125 0.7660246203125001 0.281786846875 0.7532834390625001 0.28815301875 0.7285148140625 0.27352695625 0.6951150671875 0.23981122031250002 0.682356209375 0.2171572875 0.694186990625 0.218416821875 0.7205908 0.25030291718750003 0.7541165000000001
1 0.5836407890624999 0.6349038203124999 0.5975851546875 0.664954753125 0.634818746875 0.693548384375 0.6800912578125 0.7043980546874999 0.7030214046875 0.6921717359375 0.70671161875 0.6640112078125 0.6922402359375 0.6274427390625 0.67254289375 0.6021349453125 0.650968403125 0.579393728125 0.6229802328125 0.57045545625 0.5957599359375 0.5835711828125 0.58106426875 0.59826685 0.5836407890624999 0.6349038203124999
1 0.7386485390625 0.7320194125 0.7484497015625 0.74111346875 0.7674609296875 0.7572763828125 0.7881426984375001 0.745104203125 0.789346990625 0.724763834375 0.7738956015625 0.6979722203125001 0.7392142234375 0.680095678125 0.7208891093750001 0.6919043609375 0.721320003125 0.7097455484374999 0.7386485390625 0.7320194125
1 0.8112750343749999 0.77308021875 0.823683653125 0.7854888390625 0.8380290828125 0.7817676890625 0.8456901421874999 0.769981103125 0.83035145 0.7574310625 0.8138217234375 0.745683146875 0.8053839515625001 0.75519925625 0.8112750343749999 0.77308021875
1 0.28123883906249997 0.8668116421875001 0.294151271875 0.8792070031250001 0.3048771984375 0.8767078234374999 0.31431044531249996 0.8556117343749999 0.311191440625 0.834865884375 0.3010919671875 0.8247664109375 0.286953146875 0.8106275890625 0.26861145937500003 0.814555346875 0.2645411765625 0.844123459375 0.28123883906249997 0.8668116421875001
1 0.0845615078125 0.636540109375 0.0670738734375 0.6223670375 0.0489133828125 0.6248275484375 0.047600815625 0.643981303125 0.0652829046875 0.665064134375 0.0834699109375 0.66683300625 0.0938886875 0.6529007921875001 0.0845615078125 0.636540109375
1 0 0.42912144375 0.022624478125 0.44829613124999995 0.0657922421875 0.46574951562500005 0.086128190625 0.4735608359375 0.10097411875 0.46477392812499996 0.10741431562499999 0.43400263125 0.0770264015625 0.389061575 0.03764386875 0.3578792703125 0.0051125359375 0.339839209375 0 0.33776382968749996 0 0.42912144375
1 0.09562330937499999 0.389514565625 0.11617580937500001 0.38905715625 0.12426334375 0.37223464375000004 0.1178496640625 0.34677990468750003 0.0960111140625 0.324941353125 0.0811828625 0.32256702187499997 0.069939865625 0.32370281093750003 0.06299585625000001 0.343189128125 0.07546855625 0.3735891953125 0.09562330937499999 0.389514565625
1 0.4519686671875 0.45088149062499994 0.4524260765625 0.4866257375 0.469034246875 0.5194686390625 0.49771737031249996 0.55001675625 0.5382644203125 0.572601084375 0.538985890625 0.57292480625 0.56068854375 0.580878653125 0.5795716093750001 0.5672878390625 0.588008278125 0.5331456296875 0.5688114328125 0.49483038593749995 0.5344526734375 0.46571968437500005 0.50486909375 0.4479337390625 0.47594290156249996 0.4354610375 0.4519686671875 0.45088149062499994
1 0.7370818546875 0.59731778125 0.7557782 0.6333890656250001 0.783230515625 0.6736775781250001 0.8215126140625 0.6999786359375 0.8381848671875 0.709193121875 0.8560437328124999 0.7208360765624999 0.8841567515625 0.7075877687500001 0.87381641875 0.6678472625 0.845072528125 0.62374810625 0.799454196875 0.5900069593749999 0.7592430234374999 0.5716254968750001 0.7397710703125 0.5785396765625 0.7370818546875 0.59731778125
1 0.6291994578125 0.5510818359375 0.6568893171875 0.5508233 0.6617705640625 0.5510177546875 0.6668970875 0.5238538046875 0.6611662078125 0.493599578125 0.632349396875 0.46478276718749995 0.59891981875 0.44669077812499997 0.5779054890624999 0.4525907 0.57586371875 0.483462540625 0.590943875 0.5184367046875 0.6291994578125 0.5510818359375
1 0.555942090625 0.42402469062500003 0.5252392921875 0.40958313906250005 0.512218584375 0.417088415625 0.5190929875 0.43943961875 0.534100225 0.46095444687500003 0.5541378625 0.472378640625 0.5639312921874999 0.4479812484375 0.555942090625 0.42402469062500003
1 0.5761178359375 0.4014823484375 0.562834171875 0.3756387 0.5446471640625 0.36240585937500003 0.5195813328125001 0.36276935625 0.5204917328125 0.3857945203125 0.5534605874999999 0.4110802171875 0.5701704046875 0.41883187499999996 0.5761178359375 0.4014823484375
1 0.5772922953124999 0.3961138609375 0.60114168125 0.432357503125 0.637723409375 0.4689392296875 0.690034946875 0.4779029125 0.7145571890625 0.481735653125 0.7280750828125 0.4598628515625 0.7287391000000001 0.4220646796875 0.7112779812500001 0.37841409375 0.6757977937499999 0.34293390625 0.643022290625 0.3342596953125 0.6035071750000001 0.3343536078125 0.57441856875 0.36269975 0.5772922953124999 0.3961138609375
1 0.8134681703125001 0.531920346875 0.7886608749999999 0.501484925 0.75709960625 0.49695723125 0.7480398 0.5156491562500001 0.7646999 0.53963665 0.7894718390625 0.559662134375 0.8128196203125 0.560490775 0.8134681703125001 0.531920346875
1 0.7668090656250001 0.4522459859375 0.7415918703125 0.43963959687500004 0.73393965 0.4632768515625 0.75387895625 0.489913784375 0.772662584375 0.4930040625 0.7831575953125001 0.4835520328125 0.7668090656250001 0.4522459859375
1 0.9008378421875 0.508347175 0.8765564578125 0.491428540625 0.8579208796875 0.5117655937500001 0.882007809375 0.5445256296875 0.9095429890625001 0.55541949375 0.9203020609375001 0.5334483609375 0.9008378421875 0.508347175
1 0.8086510046875001 0.41137852812500003 0.794047040625 0.42234089218750004 0.7952679046875 0.44436395468749995 0.8204077609375 0.46243495156250003 0.8350515 0.4558875859375 0.8281329015625 0.430307996875 0.8086510046875001 0.41137852812500003
1 0.972026921875 0.47745876093749995 0.9504480125000001 0.44536605781249994 0.9263787593749999 0.4235065140625 0.8950373562499999 0.432406115625 0.9038286828125001 0.46928504843749996 0.9353126125 0.49558058281250006 0.9646685921874999 0.5020196734375 0.972026921875 0.47745876093749995
1 0.625724690625 0.0352573828125 0.5451697609374999 0.038680221875 0.5002585359375 0.074803434375 0.49155449375 0.10104814375 0.4973969625 0.22570665 0.5229853890625 0.2579507203125 0.582975665625 0.3019029296875 0.67014756875 0.316594178125 0.6683521812500001 0.3165930734375 0.707302715625 0.317678040625 0.7193312656249999 0.2836385828125 0.7512991203125 0.25361306093749997 0.759066246875 0.2257154890625 0.761198615625 0.19899127187500001 0.75080635625 0.145120784375 0.7085368390625 0.0825153171875 0.625724690625 0.0352573828125
1 0.79720581875 0.2801339859375 0.8129975015625 0.283038646875 0.8224705234374999 0.274652803125 0.8240935546875001 0.2565696515625 0.8067826968749999 0.2360480875 0.7810550578125001 0.22166288281250002 0.757900625 0.228900784375 0.7565847437500001 0.243561096875 0.763326565625 0.26201658437500003 0.79720581875 0.2801339859375
1 0.299520503125 0 0.07955099375 0.21916038906250002 0.1020712390625 0.2512177375 0.1271635859375 0.2679463375 0.1784741265625 0.2929900703125 0.23653090781250002 0.2739412765625 0.2782612578125 0.2786324875 0.3208235609375 0.294532446875 0.36493155625 0.307134415625 0.3925352375 0.2879453046875 0.40497368749999996 0.2555332984375 0.38273849375 0.21933274531250002 0.366507078125 0.1646037859375 0.37230314375 0.133404909375 0.364202353125 0.083388153125 0.34096947499999997 0.0425991390625 0.3004954875 0 0.299520503125 0
1 0.453682296875 0.040535271875 0.42470086250000005 0.0420677046875 0.43151670781250007 0.0660596171875 0.4469669921875 0.0934136015625 0.46627100625000006 0.08686623437499999 0.47110142968749996 0.06950455312500001 0.453682296875 0.040535271875
1 0.8416452703124999 0.145328496875 0.8262248187499999 0.1442711515625 0.8114650687499999 0.151263775 0.8193327375000001 0.1849563078125 0.8473474234375 0.21180647812500003 0.8745456234375 0.211633015625 0.8842086796874999 0.1888752265625 0.8416452703124999 0.145328496875
1 1 0.30727820625 0.9902702765625 0.29687031875000003 0.9641040109375 0.283202165625 0.9345624156250001 0.2841390828125 0.9254595218749999 0.3031679890625 0.9430465921875 0.32119479218749997 0.9914182203124999 0.32427623125 1 0.3328323109375 1 0.30727820625
1 0.453385090625 0.35767597812499996 0.4691723546875 0.34533365 0.47108817187499996 0.3269908578125 0.46782995625 0.3025150203125 0.45072681093750006 0.2949246703125 0.4354654578125 0.3078105859375 0.42401916718750005 0.324436434375 0.4325607953125 0.35503095625 0.453385090625 0.35767597812499996
1 0.8127212890625 0.15409772500000002 0.803739928125 0.13413853125 0.7876422 0.122588384375 0.766856575 0.123572809375 0.7645739453125 0.1474774390625 0.788366984375 0.160809715625 0.8079781484374999 0.167206821875 0.8127212890625 0.15409772500000002
1 0.36576461718750003 0.8252448125 0.344643115625 0.8245807953125001 0.338320034375 0.8462591421875001 0.3541592265625 0.8690213515625 0.36692581875 0.8681407828125 0.3747537109375 0.8536484078125 0.36576461718750003 0.8252448125
0 0.5 0.5 1 1