1 0.546957225 0.593786459375 0.468091309375 0.5542367546875 0.42047286250000004 0.5147694046875 0.3811990390625 0.477180515625 0.3677650859375 0.4478246875 0.3450854390625 0.44232074218750006 0.333075978125 0.4567633203125 0.325749521875 0.484419165625 0.3097785421875 0.48719579687500003 0.26550147343749997 0.4812900921875 0.23006515468750002 0.4820706828125 0.18492549375 0.495789240625 0.1920138703125 0.51041078125 0.22930053749999998 0.5571447 0.251250803125 0.5805902281249999 0.267688571875 0.6242253984375 0.2823321578125 0.642307721875 0.30824444375 0.6696524671875 0.3270378828125 0.6711858015625001 0.3578310765625 0.7162275218749999 0.4152549875 0.74958728125 0.4937877421875 0.787796090625 0.5731568234375 0.8140542156249999 0.672716078125 0.8238760859375001 0.7070106484374999 0.8203210593750001 0.726122771875 0.8118869828124999 0.741861303125 0.7981087265625 0.7470728624999999 0.7780203765625 0.7410161421875 0.749829828125 0.71228445625 0.7213721671875 0.673729059375 0.66765405625 0.6230321125 0.6299475671875 0.546957225 0.593786459375
1 0.7288312640625 1 0.7259570281250001 0.97293859375 0.7153419265625 0.9370855812500001 0.7066438374999999 0.8996005874999999 0.67389126875 0.8719595984374999 0.61119654375 0.8489641156250001 0.5718136765625 0.846731615625 0.5580863218750001 0.858498834375 0.560206315625 0.8818288375 0.5793649750000001 0.903898353125 0.58927103125 0.9221622421875001 0.6006401796875 0.94739296875 0.6149961937499999 0.975645109375 0.6281143171875 1 0.7288312640625 1
1 0.329158975 0.7553293734375 0.3107674015625 0.736997609375 0.2791785890625 0.7160121687500001 0.2505718 0.7195822765625 0.23967713281249997 0.7388308859375 0.25759630312500004 0.7629259703125 0.28391350000000004 0.771510125 0.313288053125 0.7712582593749999 0.329158975 0.7553293734375
1 0.386971090625 0.83785839375 0.402646253125 0.8458370390625 0.41518999218749997 0.8373441125 0.41490346875000006 0.8233079968749999 0.4097674953125 0.7982553593749999 0.3819801921875 0.774647509375 0.34608357500000003 0.7779599296875 0.330908628125 0.7985241953125 0.34361535781249997 0.8217036375 0.386971090625 0.83785839375
1 0.6343137859375 0.5845850421875001 0.6600203609374999 0.605481834375 0.7060203140625 0.6148594875 0.751467159375 0.6047649421875 0.766716975 0.5837240859375 0.757688953125 0.5567958875000001 0.7286516 0.5302722015625 0.6998535390625 0.5161604546875 0.670493421875 0.50517841875 0.6414195406250001 0.509413959375 0.6227036546875 0.5331348890625 0.6159374328125 0.5527854234375 0.6343137859375 0.5845850421875001
1 0.8162065015625 0.6039210328125 0.8290023 0.6077981703125 0.853174834375 0.6139913265625 0.8664275531250001 0.593984753125 0.85859333125 0.5751750234374999 0.8329610453124999 0.557868325 0.7939530687499999 0.557004309375 0.7826591515625 0.575651084375 0.7908674984374999 0.591497746875 0.8162065015625 0.6039210328125
1 0.8994826359375001 0.60898888125 0.916075009375 0.61470209375 0.9273373515625 0.605068925 0.9290561671875001 0.5911168234375 0.9097682656250001 0.5865609625 0.8897615 0.5832481609375 0.8863492671875 0.5955000593750001 0.8994826359375001 0.60898888125
1 0.4641784125 0.9255867015625 0.4812177984375 0.931067140625 0.489762628125 0.9241189546875 0.48899325625 0.901022653125 0.4770955328125 0.8837436875 0.46359086875 0.8790936593750001 0.44468492968750006 0.872583821875 0.4299213453125 0.8841545328124999 0.43922480625000004 0.9125144703125001 0.4641784125 0.9255867015625
1 0.1864616015625 0.8048376859375 0.164530753125 0.7997650875 0.1492868296875 0.8099376156250001 0.15650355625 0.8277282874999999 0.1816382171875 0.8389260937499999 0.1987600125 0.8325432859375 0.2020168671875 0.815453803125 0.1864616015625 0.8048376859375
1 0 0.6491605984375 0.00526835625 0.6518494171875 0.0482722390625 0.662796525 0.094722228125 0.6595600203124999 0.116424315625 0.6576660953125 0.12591582031249998 0.64326045 0.11821498125 0.61278019375 0.07120164375 0.5857086265625 0.022135434375 0.5749463234375 0 0.5737822625 0 0.6491605984375
1 0.0881150109375 0.5779634234375 0.1063869609375 0.5685426828125 0.106281484375 0.5498773671875 0.089358284375 0.5298103703125 0.060156534375 0.5197554015625 0.045788153124999995 0.52412164375 0.0361809109375 0.530071090625 0.038481915625 0.5506293296875 0.06301881718749999 0.57248505625 0.0881150109375 0.5779634234375
1 0.4352975859375 0.47690812656250003 0.45137795000000003 0.5088343281250001 0.4807026546875 0.5310727890625 0.5198742890625 0.5459554015625 0.566218053125 0.5484794046875 0.5670084171875 0.5484540921875001 0.5900013703125 0.5460891453125 0.6010155359375 0.5255960109375 0.5936314046875 0.49121080624999997 0.559581096875 0.46518863593750004 0.5159383562500001 0.4540859984375 0.481551965625 0.45106868437500003 0.4500856046875 0.452538703125 0.4352975859375 0.47690812656250003
1 0.7557490671875 0.483538796875 0.788365840625 0.5077635140625001 0.830701140625 0.5319402875 0.8766384875 0.5387977546875 0.8956627734374999 0.5397710453125 0.9168181515624999 0.5424068515625 0.9362782890625001 0.5181754140625 0.90956336875 0.48698978750000005 0.8643967328125 0.4599542203125 0.808604103125 0.44962563906249997 0.7644046375 0.45073190937499996 0.7499343390625001 0.46548227343750004 0.7557490671875 0.483538796875
1 0.63851650625 0.4892747359375 0.663290653125 0.47690392968750006 0.66776313125 0.47493890624999996 0.6604629281250001 0.44827679062500003 0.64204946875 0.4235967234375 0.60351663125 0.4103288046875 0.5655393203125 0.40872239375 0.5492381203125001 0.423237284375 0.5609363140625 0.4518797640625 0.5898219328125001 0.4767036296875 0.63851650625 0.4892747359375
1 0.5169750343749999 0.40719044687499995 0.4830487828125 0.40766968593749997 0.47463594374999996 0.4201232859375 0.49061274062500004 0.437198875 0.513532634375 0.4499575359375 0.5365503828125 0.4514416109375 0.5346575437500001 0.42522022187499997 0.5169750343749999 0.40719044687499995
1 0.5252269609375 0.3780850578125 0.5019585734375 0.360680115625 0.4798113046875 0.3567591765625 0.45744163125000004 0.3680740234375 0.4683534609375 0.3883698109375 0.5090701906249999 0.39664385 0.527486978125 0.3962858921875 0.5252269609375 0.3780850578125
1 0.52392916875 0.37274504375 0.561253021875 0.39486573125 0.610168834375 0.4117087953125 0.6611155546874999 0.39683343125000003 0.6848361625 0.3895284328125 0.6873975578125 0.363943434375 0.6714247453125 0.3296795765625 0.6365956390624999 0.298101140625 0.5891527671875 0.28176524999999997 0.555891815625 0.28833675468750003 0.5204170328125 0.30574344999999997 0.5066984984375 0.3439724 0.52392916875 0.37274504375
1 0.795736284375 0.3912744171875 0.7600976234375 0.3747940421875 0.7297457328125 0.384560128125 0.729796834375 0.40533187656249997 0.7552862578124999 0.4195883859375 0.7863297234375 0.42672787031250003 0.8076778234375 0.41723765312500005 0.795736284375 0.3912744171875
1 0.71887241875 0.3401175796875 0.6906810765625 0.33984152343749996 0.6941651953125 0.364441059375 0.7237633875 0.3796413609375 0.7420006906250001 0.3741846828125 0.747290046875 0.3610885453125 0.71887241875 0.3401175796875
1 0.8639298265625 0.33178664687500004 0.8346892218749999 0.3272245359375 0.826854853125 0.35367265937500003 0.862865096875 0.3725581703125 0.8923891078124999 0.37027888125 0.8924277859374999 0.345814890625 0.8639298265625 0.33178664687500004
1 0.7385645890625 0.285043853125 0.7302442171875 0.30129871874999997 0.740995796875 0.3205577234375 0.7715131546875 0.3257792421875 0.7818046828125 0.3134751140625 0.7643729359375 0.29351724687499997 0.7385645890625 0.285043853125
1 0.914373559375 0.2728170859375 0.880910046875 0.2534319265625 0.849694153125 0.24433596406250002 0.825426015625 0.266074040625 0.8494942671875 0.29536674218750003 0.8893190390625 0.305199365625 0.9185267312500001 0.2981179671875 0.914373559375 0.2728170859375
1 0.40927084843749995 0.027178025 0.33836903125 0.065567409375 0.3138384640625 0.1177225234375 0.31752024687499997 0.1451267140625 0.377418115625 0.2546078671875 0.4145517109375 0.272371415625 0.48773799531249995 0.2855773953125 0.5725278015625 0.2605681546875 0.5709136328125 0.2613542078125 0.6063977609375 0.2452545796875 0.6022870328125001 0.2093871484375 0.6178572296875 0.168386603125 0.612608784375 0.139907546875 0.6028102203125 0.1149532109375 0.56985445 0.071090403125 0.5044184296875 0.0333507203125 0.40927084843749995 0.027178025
1 0.670743903125 0.1720992796875 0.68621069375 0.1677873546875 0.6910488765625 0.1560975078125 0.684580515625 0.1391329890625 0.6600255578125 0.128276909375 0.6305956515625 0.126625828125 0.6129574734375 0.1432814453125 0.618201425 0.1570348921875 0.6323512859375 0.170667153125 0.670743903125 0.1720992796875
1 0 0.4324530421875 0.0332850328125 0.4508364703125 0.0631712203125 0.45487227499999994 0.12026727968749999 0.4548883734375 0.1640979265625 0.41231701249999997 0.2036614078125 0.398240065625 0.2488862359375 0.39387276718750003 0.2940545796875 0.3858636703125 0.3104526515625 0.35651595468749997 0.30742376718750003 0.321931578125 0.2715696296875 0.299142003125 0.23298933437499997 0.257067325 0.224522115625 0.22648513124999997 0.19531526875 0.185081521875 0.156552971875 0.1586052234375 0.1008560640625 0.1378193265625 0 0.4289827046875 0 0.4324530421875
1 0.1615529734375 0 0.1934294765625 0.015402923437499999 0.23551625468749998 0.031360359375 0.2716624921875 0.035304228124999996 0.3070089921875 0.007356478125 0.306484675 0 0.1615529734375 0
1 0.25695384374999997 0.10734018281249999 0.231577278125 0.12142214843750002 0.24822068125 0.139998065625 0.27409850156250004 0.15781070625 0.288578659375 0.14346364843749998 0.28530935468749996 0.12574155468749998 0.25695384374999997 0.10734018281249999
1 0.65159098125 0.0314559359375 0.6372676609375 0.037265481249999996 0.62706705 0.0500206578125 0.6489082984375 0.07685434687500001 0.685858071875 0.0887062890625 0.7102276109375001 0.07662747656249999 0.70893635 0.051936906250000005 0.65159098125 0.0314559359375
1 0.8516058140625 0.10250790781250001 0.8220960078124999 0.10169358906249999 0.7959549140625 0.11548586718750001 0.796115009375 0.13657938125 0.8198245953125 0.1450721015625 0.8646515406249999 0.126636953125 0.91886364375 0.1452127875 0.9728861765625 0.14889021875 0.8516058140625 0.10250790781250001
1 0.3957120515625 0.392514646875 0.4044910296875 0.37450075625 0.3981720046875 0.357174525 0.38451403906250003 0.3366040953125 0.36581444375 0.33727945937500003 0.35774644375000003 0.35555138125 0.354746878125 0.3755123171875 0.3758357984375 0.3992660875 0.3957120515625 0.392514646875
1 0.6294384562500001 0.0520171046875 0.6126165265625 0.038015070312499996 0.593084734375 0.034690646874999995 0.57483428125 0.044687259374999996 0.5832617671875 0.06717323593749999 0.6104912953125 0.0687260265625 0.630922 0.0658787390625 0.6294384562500001 0.0520171046875
1 0.521927978125 0.8511730203125 0.5026530124999999 0.8598352609375001 0.5064730265625 0.8820914875 0.53068749375 0.89560658125 0.5417760140625 0.889218625 0.5424586390624999 0.8727614421875 0.521927978125 0.8511730203125
0 0.5 0.5 1 1