1 0.19998125 0.2645265625 0.18465625000000002 0.2787234375 0.1742609375 0.296875 0.1758734375 0.31756562499999996 0.190778125 0.3422484375 0.227209375 0.3598015625 0.281153125 0.39804062500000004 0.3413640625 0.4171875 0.4250671875 0.4266109375 0.5125124999999999 0.4383296875 0.5703859375 0.46014375 0.6197578125 0.4828984375 0.6420171875 0.50628125 0.665253125 0.5041015625 0.6719062499999999 0.48653593749999996 0.6698296874999999 0.45800156249999996 0.6840265624999999 0.4501765625 0.7278140625 0.44134531250000003 0.761065625 0.42907031250000005 0.7992796875 0.401403125 0.7878171875 0.3898859375 0.737346875 0.3578375 0.708959375 0.34281562499999996 0.6792109375 0.306909375 0.6594781249999999 0.2945796875 0.6260749999999999 0.27716093750000004 0.60780625 0.28182968750000004 0.5640265624999999 0.24926718750000001 0.49887031249999997 0.2364203125 0.4121765625 0.22586093749999997 0.3285828125 0.22687343750000002 0.23125 0.25 0.19998125 0.2645265625
1 0.3192140625 0.1955390625 0.3283625 0.17994375 0.3187625 0.158575 0.2934625 0.1439453125 0.27815 0.1299015625 0.25918593749999996 0.109746875 0.23641406250000002 0.08770781250000001 0.21497812500000002 0.0679328125 0.189190625 0.056256249999999994 0.1460625 0.0609125 0.117340625 0.0942328125 0.1323796875 0.1263921875 0.1540890625 0.1568359375 0.1745171875 0.189446875 0.214484375 0.20491874999999998 0.28125 0.20625 0.3192140625 0.1955390625
1 0.57840625 0.20296093750000002 0.6017640625 0.21430625 0.6384640625 0.2238640625 0.66435 0.21117499999999997 0.668384375 0.189428125 0.643596875 0.1724796875 0.61591875 0.17293125 0.5882265624999999 0.1827328125 0.57840625 0.20296093750000002
1 0.47945625 0.14130937500000001 0.4703609375 0.1534234375 0.4752015625 0.1666015625 0.4882140625 0.1886171875 0.5221734375 0.20189218750000001 0.5550359375 0.1870734375 0.5626890625 0.16268906249999998 0.543128125 0.144909375 0.496875 0.14375 0.47945625 0.14130937500000001
1 0.22055625 0.507671875 0.23785937499999998 0.53019375 0.27395 0.54581875 0.30577343749999997 0.5497859375 0.337109375 0.5506109375 0.36322031250000003 0.5371406249999999 0.37319375 0.50861875 0.37319375 0.4878359375 0.345465625 0.4637515625 0.31435625 0.4523625 0.267809375 0.45847187500000003 0.228125 0.4828125 0.22055625 0.507671875
1 0.15382656249999999 0.5051875 0.1289546875 0.5072015624999999 0.1229375 0.5304328125 0.13646875 0.5456671875 0.1663390625 0.5536859375 0.20350312499999998 0.541803125 0.2081109375 0.5204953125 0.195190625 0.508184375 0.1671875 0.5046875 0.15382656249999999 0.5051875
1 0.1036078125 0.5354859375000001 0.0867984375 0.5270078125000001 0.06925 0.5270078125000001 0.0617375 0.5397828125 0.0646546875 0.553534375 0.084375 0.5515625 0.10437031249999999 0.5481812500000001 0.1036078125 0.5354859375000001
1 0.3774171875 0.08630312500000001 0.37160000000000004 0.0956546875 0.37984687500000003 0.1172421875 0.396721875 0.12970625 0.4110046875 0.12970625 0.43099999999999994 0.12970625 0.4411921875 0.113959375 0.4231625 0.0901734375 0.3953125 0.0859375 0.3774171875 0.08630312500000001
1 0.6790468749999999 0.10471875 0.6972109375 0.10969218750000001 0.7195984375 0.1073484375 0.7307 0.0927671875 0.718084375 0.0782953125 0.6906734375 0.075890625 0.6765625 0.0875 0.6790468749999999 0.10471875
1 0.8113468749999999 0.22604375000000002 0.8070625 0.2427546875 0.8242671874999999 0.2690671875 0.8775328124999999 0.27935781249999997 0.9274296874999999 0.273559375 0.9631890625 0.2633125 0.9984375 0.24841875 0.997278125 0.2255546875 0.9884453125 0.214190625 0.9689578125 0.202503125 0.9183406250000001 0.1953546875 0.874115625 0.1990046875 0.83125 0.2171875 0.8113468749999999 0.22604375000000002
1 0.8498531249999999 0.30704375 0.8560296875000001 0.32465781250000003 0.8785640625 0.338121875 0.9094484375 0.338121875 0.9216125 0.329315625 0.9287593749999999 0.3205625 0.9198906250000001 0.3018734375 0.889575 0.289196875 0.8640625 0.2921875 0.8498531249999999 0.30704375
1 0.4208671875 0.47600156250000003 0.399896875 0.4857234375 0.3961546875 0.5086859375 0.41433125000000004 0.53879375 0.4549984375 0.5523125 0.49987812500000006 0.5486015625 0.5333734375 0.540259375 0.562646875 0.528625 0.5686953124999999 0.50076875 0.543096875 0.4758171875 0.5081296875 0.46433749999999996 0.46624687500000006 0.46301875 0.42160624999999996 0.4757203125 0.4208671875 0.47600156250000003
1 0.11294531249999999 0.5912109375 0.092084375 0.59560625 0.0815734375 0.624853125 0.1169859375 0.6456421875 0.16849375 0.6565000000000001 0.224609375 0.6481015625000001 0.266040625 0.632665625 0.27492031250000004 0.6140078124999999 0.26354375 0.598828125 0.22481718750000002 0.5865421875 0.17691718750000002 0.577465625 0.13125 0.5859375 0.11294531249999999 0.5912109375
1 0.3495359375 0.5783140625 0.36511875 0.601146875 0.39056406250000003 0.6184875 0.43131718750000003 0.6184875 0.46774843749999995 0.6076421875 0.4784359375 0.5886109375 0.45804999999999996 0.5653374999999999 0.42265625 0.5512703125 0.372521875 0.5552374999999999 0.353125 0.575 0.3495359375 0.5783140625
1 0.4915765625 0.5819890625 0.514165625 0.5932796875 0.5460875 0.5817812499999999 0.5499875000000001 0.5672671874999999 0.529321875 0.5563234375 0.503496875 0.5517218749999999 0.48125 0.5578125 0.4915765625 0.5819890625
1 0.5077765624999999 0.6070125 0.5158390625 0.6234859375 0.54350625 0.6323671875 0.5657234375 0.6288640625 0.5831906250000001 0.6108828125 0.566265625 0.5952453125 0.5250734375 0.6006781250000001 0.5077765624999999 0.6070125
1 0.3612 0.6646296875 0.3671078125 0.6896546875 0.393365625 0.7168515625 0.43657812500000004 0.7353703125 0.48675468750000006 0.7353703125 0.5160640625 0.718328125 0.5439390625 0.6903203125 0.5444640625 0.6497078125 0.5188046875000001 0.6281125000000001 0.47631249999999997 0.6193484375 0.42457812500000003 0.6193484375 0.38125 0.65 0.3612 0.6646296875
1 0.2360296875 0.6784234375 0.2557734375 0.699084375 0.2948359375 0.7030640625 0.32035468749999996 0.6839484375 0.31354375 0.664325 0.2848015625 0.6591437499999999 0.253125 0.6625 0.2360296875 0.6784234375
1 0.3121453125 0.6977484375 0.3114078125 0.711853125 0.3451046875 0.7224296875 0.37185 0.7135125 0.360546875 0.6913875 0.3276125 0.6866515625 0.3121453125 0.6977484375
1 0.171221875 0.750403125 0.17915 0.773546875 0.21066250000000003 0.7775328125 0.2397953125 0.7723265625 0.23859218750000002 0.74476875 0.1983953125 0.7386359375 0.171221875 0.750403125
1 0.294275 0.768109375 0.3172546875 0.7813046875 0.344415625 0.7809140625000001 0.346990625 0.7628359375 0.3305546875 0.7481265625 0.3 0.753125 0.294275 0.768109375
1 0.1700015625 0.8271421875 0.182165625 0.8497125000000001 0.2201171875 0.857146875 0.25259375 0.855584375 0.2684625 0.8271296875 0.23616874999999998 0.8072687500000001 0.1953125 0.8109375 0.1700015625 0.8271421875
1 0.5106453125 0.74873125 0.4823359375 0.7755062500000001 0.4979 0.8080812500000001 0.4965265625 0.8519171875 0.5107609375 0.8771359375 0.52815 0.8975406250000001 0.573590625 0.9282843749999999 0.6477484375 0.9426640624999999 0.7397218750000001 0.9175234375000001 0.7942625 0.8581421875 0.8004765624999999 0.8008421875 0.7880734375 0.7761296875 0.6957953125 0.6921140625 0.6549015625 0.6874078124999999 0.581403125 0.6987484375 0.509375 0.75 0.5106453125 0.74873125
1 0.4320921875 0.8747375 0.4313234375 0.8873656249999999 0.4429625 0.9013 0.46971406250000003 0.9035703125 0.498078125 0.8955500000000001 0.5093328125000001 0.8740593750000001 0.499896875 0.8627625 0.4820796875 0.8544796874999999 0.4453125 0.865625 0.4320921875 0.8747375
1 0.9958859375 0.40128125 0.95729375 0.3945375 0.9277218749999999 0.40045156249999997 0.87373125 0.419025 0.8461484374999999 0.473546875 0.8133234375 0.4997375 0.771984375 0.5185906250000001 0.731884375 0.54086875 0.725934375 0.57395625 0.7400578125 0.6056703125 0.781378125 0.6155453125 0.8315546875000001 0.6427671875 0.8495171875 0.6689265625 0.8906124999999999 0.698565625 0.9358828125 0.7109796875 0.9953125 0.7125 0.9958859375 0.40128125
1 0.9026484375000001 0.857 0.8671875 0.8650390625 0.842865625 0.9029718750000001 0.8559875 0.9337703125000001 0.89580625 0.9459406250000001 0.9541499999999999 0.9548890625 0.9932984375 0.9498171875000001 0.9978875 0.9058171875 0.9953125 0.8640625 0.9476375000000001 0.8583859374999999 0.9026484375000001 0.857
1 0.8159796874999999 0.7682796875 0.824840625 0.783971875 0.8576421875 0.7921390625 0.8770515624999999 0.7705625 0.8552671875 0.7584171875 0.825 0.75 0.8159796874999999 0.7682796875
1 0.448321875 0.9916750000000001 0.5092109375 0.9923703125 0.5208625 0.9822140625 0.5263546875 0.9668328125000001 0.4969671875 0.9485718750000001 0.458171875 0.9493953125000001 0.4390625 0.96875 0.448321875 0.9916750000000001
1 0.2969609375 0.9903078125 0.325128125 0.9814703124999999 0.3453546875 0.9599187499999999 0.3383359375 0.9400265624999999 0.31315312500000003 0.939715625 0.2767703125 0.971740625 0.2194640625 0.9718265625000001 0.1671875 0.9859375 0.2969609375 0.9903078125
1 0.6336 0.5676765625 0.6311640625 0.5875671875 0.6427796875 0.6018921875000001 0.662390625 0.6168953125 0.6798515625 0.6101687499999999 0.68153125 0.590265625 0.67786875 0.570415625 0.6501953125 0.554821875 0.6336 0.5676765625
1 0.9442328124999999 0.1024296875 0.9349968750000001 0.125909375 0.9305 0.1448609375 0.9436703124999999 0.1548578125 0.966815625 0.161053125 0.9864265624999999 0.16704687499999998 0.9957890624999999 0.16665000000000002 0.9964718749999999 0.0645453125 0.9641296875 0.073303125 0.9442328124999999 0.1024296875
1 0.5175468750000001 0.9530937500000001 0.5234625 0.9657171874999999 0.5439265625 0.9734796875 0.5634765625 0.9702640625000001 0.5774781250000001 0.9548703125 0.5621890625 0.9363531249999999 0.5359375 0.94375 0.5175468750000001 0.9530937500000001
1 0.3337828125 0.1455875 0.3384953125 0.1613703125 0.3649359375 0.1750984375 0.380340625 0.1606328125 0.3694828125 0.1408328125 0.3421875 0.1359375 0.3337828125 0.1455875
0 0.503515625 0.499703125 0.991390625 0.99628125