1 0.5022075984375001 0.38366976249999996 0.5119621265625 0.3916409984375 0.5216132124999999 0.38626262968749997 0.5161314015625 0.3632619390625 0.5020007171875001 0.3569705515625 0.49750686875000005 0.3670638984375 0.5022075984375001 0.38366976249999996
1 0.5798120984375 0.25011301406249997 0.592484065625 0.2569643515625 0.5975378625000001 0.2483297234375 0.5908184640624999 0.230825090625 0.578706446875 0.2254324734375 0.57455141875 0.23204843125000002 0.5798120984375 0.25011301406249997
1 0.65012670625 0.2850473359375 0.6448660265624999 0.266982753125 0.6358925796875 0.26540634375 0.6362171515624999 0.2836920578125 0.6419343390625001 0.2898657546875 0.65012670625 0.2850473359375
1 0.60769190625 0.3314624828125 0.60153245625 0.31541656875 0.5896415703125 0.314960059375 0.59456343125 0.33650203125 0.6026381078124999 0.340097109375 0.60769190625 0.3314624828125
1 0.6708021093750001 0.40430926093749997 0.6768581171875 0.40700556875 0.6830318140625 0.40128837968750003 0.678891034375 0.3861412359375 0.6702564078125001 0.3810874390625 0.665202609375 0.389722065625 0.6708021093750001 0.40430926093749997
1 0.5462510093749999 0.450446284375 0.539531609375 0.4329416515625 0.5305581625 0.4313652421875 0.530882734375 0.44965095625 0.5386185921875 0.45672342187500004 0.5462510093749999 0.450446284375
1 0.47407816562500005 0.340910390625 0.47586145625 0.3586361546875 0.48517372343750004 0.3567351734375 0.48271279375000004 0.3459641875 0.47407816562500005 0.340910390625
1 0.5696475125 0.35443467812499996 0.576028090625 0.3754166984375 0.5842204578125 0.3705982796875 0.5806396281249999 0.35690985625 0.5696475125 0.35443467812499996
0 0 0.36236727343749997 0.013415201562500001 0.41397516406249996 0.03167241875 0.45717679687499996 0.040838498437499995 0.5072155171875 0.05305395625 0.5259577390625 0.055957146874999995 0.5466009421875 0.06941019375 0.5598471046875 0.077470621875 0.5852052859375 0.15322429531249998 0.708429603125 0.1675618625 0.7414202000000001 0.20603426875 0.7500833234375001 0.218367415625 0.7604120484375 0.2546000234375 0.7632402953125 0.26716854843750004 0.7567420265625 0.2781606640625 0.7592172046875 0.30038027500000003 0.7473405671875 0.3203458375 0.7513921531250001 0.32697604375 0.7337840796874999 0.33954456875 0.7272858109375 0.45814310156250004 0.6918020828125 0.46443448906249996 0.6776713984375 0.42703553281250006 0.5715237 0.2614080453125 0.13132925625 0.24603977187499998 0.130533928125 0.094671771875 0.18529133125 0.0132046140625 0.221584634375 0 0.23477196875 0 0.36236727343749997
1 0.19542001250000002 0.51315013125 0.2020359703125 0.517305159375 0.2096683875 0.511028021875 0.2049676578125 0.4944221578125 0.1928556421875 0.489029540625 0.18948169374999999 0.5020403265625 0.19542001250000002 0.51315013125
1 0.1439368203125 0.5011130609375 0.138676140625 0.483048478125 0.12914274375 0.48001335 0.128008596875 0.4988590125 0.1372031734375 0.5053715296875 0.1439368203125 0.5011130609375
1 0.1062597421875 0.4770816625 0.10692313281250002 0.4918899875 0.11735530000000001 0.4929064453125 0.11377447031250001 0.47921802187500007 0.1062597421875 0.4770816625
1 0.28400238125 0.40383166406250004 0.27930165156250003 0.3872258 0.268309534375 0.384750621875 0.2700928265625 0.40247638593749996 0.279287403125 0.408988903125 0.28400238125 0.40383166406250004
1 0.12225920781249999 0.37052019999999997 0.1291997359375 0.3929609421875 0.136832153125 0.386683803125 0.13269137343749998 0.37153665937499997 0.12225920781249999 0.37052019999999997
1 0.330920484375 0.5347775921875 0.33068510624999997 0.5516045859375 0.3420160421875 0.550602375 0.33843521249999997 0.53691395 0.330920484375 0.5347775921875
1 0.33890596875 0.5032599624999999 0.3440632078125 0.507974940625 0.34933813593749996 0.504276421875 0.3402612484375 0.4893504078125 0.33890596875 0.5032599624999999
1 0.3027303546875 0.41337930937499995 0.3024949765625 0.430206303125 0.31236719218750003 0.42976404218750003 0.3027303546875 0.41337930937499995
0 0.3802314140625 0.26647295625 0.3990343328125 0.332896409375 0.525361884375 0.657630890625 0.541290109375 0.6598849375 0.5487013953125001 0.648671690625 0.571024446875 0.650144659375 0.575179475 0.6435287015625 0.5812354828124999 0.6462250093749999 0.6131061796874999 0.628970003125 0.69052175 0.6126422625 0.7580793515625001 0.5749936796874999 0.7751559718750001 0.5366389625 0.7744176359375 0.4649548296875 0.759459421875 0.3518666015625 0.7199383562499999 0.2314705296875 0.6250286968750001 0.0670632484375 0.58455186875 0.035738253125 0.5669437953124999 0.029108046874999998 0.4746022109375 0.054512675 0.3243541109375 0.1121875171875 0.3568169578125 0.21855634531249998 0.37217098437499996 0.2411147765625 0.37137565625 0.25648305 0.3802314140625 0.26647295625