1 0.41618109218750005 0.5806968921875 0.4149201140625 0.5681628843750001 0.4042926859375 0.5651416171875 0.391904965625 0.5852817859375 0.3974481875 0.599722371875 0.40776289062500004 0.595762928125 0.41618109218750005 0.5806968921875
1 0.26686754218750003 0.6202611046875 0.262751734375 0.6064560453125 0.25307255781250004 0.608988075 0.2454462453125 0.6261170515625001 0.250197578125 0.6384946968749999 0.257813815625 0.63675455625 0.26686754218750003 0.6202611046875
1 0.24184990156250002 0.5458388750000001 0.232796175 0.5623323250000001 0.23802667031250002 0.5697922 0.250727115625 0.5566327421875 0.251049915625 0.5482246156249999 0.24184990156250002 0.5458388750000001
1 0.3046763015625 0.5430243453125 0.297685515625 0.5587259078125 0.30577084062500004 0.5674568328125 0.317523034375 0.548744078125 0.3143554796875 0.540492315625 0.3046763015625 0.5430243453125
1 0.3115611 0.446888240625 0.3091854328125 0.44069941874999996 0.3007773078125 0.44037661874999995 0.29299463281250004 0.454015240625 0.2955266609375 0.46369441875 0.3052058390625 0.4611623890625 0.3115611 0.446888240625
1 0.4322558296875 0.5023353671875 0.4246295171875 0.51946434375 0.4298600140625 0.52692421875 0.44256045781250003 0.513764759375 0.44209137031249995 0.50329369375 0.4322558296875 0.5023353671875
1 0.4058361625 0.630822846875 0.41710919375 0.6170278625 0.40918023124999997 0.6117872906249999 0.403304134375 0.62114366875 0.4058361625 0.630822846875
1 0.3478215453125 0.5536819984375 0.3581463234375 0.5343337171875 0.348946309375 0.5319479765625 0.3417991609375 0.544159184375 0.3478215453125 0.5536819984375
0 0.7273774109375 1 0.783238665625 0.9048961562500001 0.80087703125 0.8614381859375 0.8297783515624999 0.8195740703125001 0.8343934718750001 0.797683684375 0.8469375546875 0.7810338703124999 0.8467912671875 0.762154678125 0.8590226234375 0.738524153125 0.8925894390625 0.5978254656249999 0.905779121875 0.5643594000000001 0.884700775 0.5310295468749999 0.8832834359374999 0.515005184375 0.8596629859375 0.487384990625 0.8461807265625 0.483092671875 0.8401583421875 0.47356985625 0.816048653125 0.46625627031250005 0.8047957734375 0.44927357968750004 0.7876567203125 0.4570361046875 0.7741744609375 0.45274378593750003 0.66522185 0.3939727421875 0.6507812640624999 0.3995159640625 0.6021685625 0.5010187765625 0.40802040625 0.9293995718750001 0.418325034375 0.940828965625 0.5445705375000001 1 0.7273774109375 1
1 0.724669121875 0.7060720265625 0.72292898125 0.698455790625 0.713093440625 0.6974974640625 0.7046752390625 0.7125635 0.709426571875 0.7249411453125 0.7210123281249999 0.718126871875 0.724669121875 0.7060720265625
1 0.752561740625 0.7509876359375001 0.7435080140625 0.7674810875 0.748102984375 0.7763683765625 0.76223084375 0.7638444437499999 0.7603343406249999 0.7527378515625001 0.752561740625 0.7509876359375001
1 0.76221069375 0.79462211875 0.7722126734375 0.7836819625 0.7655547625 0.7755865625 0.7584076125 0.7877977703125 0.76221069375 0.79462211875
1 0.5847320984375 0.7207346640625001 0.5763138984375 0.7358007 0.5823362828125 0.745323515625 0.5936093125 0.7315285312500001 0.5917128093749999 0.7204219375 0.5847320984375 0.7207346640625001
1 0.67554703125 0.8586591203125 0.6865073359375 0.837883425 0.6766717953125 0.8369250984375001 0.6688891203125 0.8505637203124999 0.67554703125 0.8586591203125
1 0.6441487421875001 0.5949658 0.6562136625 0.5832337562500001 0.6474928109375 0.5759302453124999 0.6403456609375 0.5881414515625 0.6441487421875001 0.5949658
1 0.6162158234375 0.6116055390625 0.6159030984375 0.604624828125 0.6095579125 0.6035101390625 0.6054219562500001 0.620482753125 0.6162158234375 0.6116055390625
1 0.5782406250000001 0.70074078125 0.5903055453125 0.6890087375 0.5830121078125 0.682340753125 0.5782406250000001 0.70074078125
0 0.4195606234375 0.7498177359375 0.4532334265625 0.6895535890625 0.5935283109375 0.37060456875000003 0.5838592078125 0.3577477609375 0.570689675 0.3604361515625 0.5559464390625 0.34360982500000004 0.5483302015625 0.345349965625 0.5459545343750001 0.33916114375 0.5112174171875 0.3288262890625 0.44493088593749996 0.285630671875 0.3705388796875 0.2644818 0.3313430046875 0.2795276875 0.28117675000000003 0.33073810625 0.211788353125 0.4212806140625 0.15460108749999998 0.5343591062499999 0.105458846875 0.7177238734375 0.11193017031250001 0.7684954296875001 0.1196926953125 0.7856344828124999 0.202951840625 0.8329660578125001 0.3499755625 0.8984252359375 0.4022349828125 0.8002564156249999 0.40732926562499994 0.7734482609375 0.418758659375 0.7631436328125 0.4195606234375 0.7498177359375