1 0.446875 0.6328125 0.4546875 0.625 0.45625 0.6078125 0.45 0.596875 0.4390625 0.5984375 0.4359375 0.621875 0.446875 0.6328125
1 0.328125 0.728125 0.334375 0.7234375 0.3359375 0.7046875 0.3265625 0.69375 0.31875 0.7 0.31875 0.71875 0.328125 0.728125
1 0.2890625 0.6703125 0.2953125 0.653125 0.2921875 0.6453125 0.2828125 0.646875 0.28125 0.665625 0.2890625 0.6703125
1 0.35 0.640625 0.353125 0.61875 0.346875 0.6125 0.3390625 0.61875 0.3390625 0.6359375 0.35 0.640625
1 0.2984375 0.55 0.30625 0.54375 0.30625 0.528125 0.3015625 0.5234375 0.29375 0.5265625 0.2921875 0.5421875 0.2984375 0.55
1 0.446875 0.553125 0.453125 0.5359375 0.4484375 0.5265625 0.4390625 0.5296875 0.4390625 0.5484375 0.446875 0.553125
1 0.4671875 0.6578125 0.471875 0.640625 0.4625 0.6390625 0.4609375 0.65 0.4671875 0.6578125
1 0.3828125 0.6109375 0.384375 0.5890625 0.375 0.590625 0.3734375 0.6046875 0.3828125 0.6109375
0 0.6046875 0.9359375 0.765625 0.9390625 0.8546875 0.934375 0.8828125 0.921875 0.8828125 0.9125 0.890625 0.9109375 0.890625 0.89375 0.9109375 0.865625 0.9234375 0.7546875 0.921875 0.7078125 0.93125 0.6578125 0.9265625 0.6359375 0.93125 0.615625 0.9234375 0.5984375 0.925 0.571875 0.8984375 0.4296875 0.896875 0.39375 0.8640625 0.371875 0.85625 0.3578125 0.8234375 0.3421875 0.809375 0.34375 0.8 0.3375 0.775 0.340625 0.7578125 0.3296875 0.7453125 0.34375 0.73125 0.3453125 0.6078125 0.3359375 0.596875 0.346875 0.59375 0.459375 0.590625 0.9296875 0.6046875 0.9359375
1 0.7828125 0.6203125 0.790625 0.609375 0.7890625 0.596875 0.784375 0.590625 0.775 0.59375 0.7734375 0.6109375 0.7828125 0.6203125
1 0.8390625 0.6515625 0.846875 0.634375 0.840625 0.625 0.8328125 0.6265625 0.83125 0.6453125 0.8390625 0.6515625
1 0.859375 0.6625 0.8640625 0.6484375 0.8546875 0.64375 0.853125 0.6578125 0.859375 0.6625
1 0.675 0.690625 0.6796875 0.6734375 0.6734375 0.6640625 0.6671875 0.6671875 0.665625 0.684375 0.675 0.690625
1 0.80625 0.75625 0.8078125 0.7328125 0.7984375 0.7359375 0.796875 0.7515625 0.80625 0.75625
1 0.6703125 0.528125 0.6765625 0.5125 0.665625 0.509375 0.6640625 0.5234375 0.6703125 0.528125
1 0.6515625 0.5546875 0.6484375 0.5484375 0.6421875 0.55 0.6453125 0.5671875 0.6515625 0.5546875
1 0.659375 0.6359375 0.65 0.6328125 0.653125 0.6515625 0.659375 0.6359375
0 0.228125 0.859375 0.2546875 0.903125 0.26875 0.915625 0.3640625 0.925 0.525 0.925 0.5328125 0.8140625 0.5265625 0.7875 0.5328125 0.7734375 0.528125 0.7609375 0.534375 0.6921875 0.5328125 0.34375 0.51875 0.3359375 0.5078125 0.34375 0.4875 0.334375 0.48125 0.3390625 0.4765625 0.334375 0.440625 0.3390625 0.3625 0.3265625 0.2859375 0.3375 0.25625 0.3671875 0.23125 0.434375 0.2046875 0.5453125 0.1984375 0.671875 0.228125 0.859375