0 0.65390625 0.4515625 0.6921875 0.903125
0 0.3546875 0.59375 0.709375 0.8125
1 0.322504621875 0.6328560671875 0.3394651328125 0.654933590625 0.36484076718749997 0.66215268125 0.3631807125 0.6316536 0.3423430796875 0.606841921875 0.323888384375 0.608320703125 0.322504621875 0.6328560671875
1 0.1827915203125 0.4542748 0.176755534375 0.4694717625 0.1880124515625 0.49598915468750004 0.2078700984375 0.5122802656250001 0.21690001250000002 0.5075489171875 0.21954596718750002 0.4894412078125 0.2082420515625 0.4669338484375 0.1827915203125 0.4542748
1 0.163891628125 0.6211011734375 0.16428755 0.64008023125 0.1804618828125 0.6547819390625 0.192021475 0.6552340765625 0.1972617484375 0.649572965625 0.191392440625 0.6297738828125 0.167852328125 0.6118946796875 0.163891628125 0.6211011734375
1 0.150865340625 0.699134940625 0.16390522031250002 0.7216588734375 0.1751861375 0.7312868765625 0.1868294546875 0.7255793703125 0.18555843593750002 0.7172217187500001 0.17300698125 0.690848221875 0.1554347578125 0.6874260125 0.150865340625 0.699134940625
1 0.2187718234375 0.811852221875 0.22603145468750002 0.8124363265625 0.23062067812499998 0.8044443984375 0.217859478125 0.7843664125 0.20858102031249998 0.7827104859375 0.2060672671875 0.7922889203125 0.2187718234375 0.811852221875
1 0.2655229859375 0.7579164046875 0.265663334375 0.7670977484375 0.2796324140625 0.7837196875 0.2896792921875 0.7776739781249999 0.2751473640625 0.7564357125 0.269562453125 0.7547640328125 0.2655229859375 0.7579164046875
1 0.3158653546875 0.434029940625 0.329309853125 0.45340149375000005 0.3364219765625 0.44453503281250006 0.32397775625 0.427897221875 0.3158653546875 0.434029940625
1 0.23324523749999998 0.38262755 0.25372171093749996 0.41083353125000005 0.263350525 0.39854975625 0.24403050781250002 0.371301196875 0.23324523749999998 0.38262755
1 0.7127870296875 0.15411225312500001 0.7276834875 0.175814303125 0.7394152703125 0.1642011765625 0.72515386875 0.14407088437499999 0.7127870296875 0.15411225312500001
1 0.64269775625 0.1677125484375 0.6239994078125 0.141779884375 0.6131452921875 0.15043832031249998 0.6280699375000001 0.1777522546875 0.64093155625 0.1814687734375 0.64269775625 0.1677125484375
1 0.5106907890625 0.18760924375000002 0.5215411296875 0.18156714375 0.5091364359375 0.1604602484375 0.4972918203125 0.15769296875 0.49688302812499996 0.16882012500000002 0.5106907890625 0.18760924375000002
1 0.43844051406249995 0.23291942968749998 0.4458889734375 0.2437693734375 0.45082668750000005 0.2390481109375 0.44354223125000003 0.22839906875 0.43844051406249995 0.23291942968749998