0 0.26692187500000003 0.44809374999999996 0.407140625 0.8961874999999999
0 0.76815625 0.46003125 0.3870000000000001 0.91971875
1 0.6904125 0.49626093750000005 0.7066953125000001 0.505071875 0.72121875 0.4852484375 0.71901875 0.45749531250000003 0.70166875 0.4376203125 0.68645 0.464103125 0.6904125 0.49626093750000005
1 0.7266796875 0.686634375 0.7411296875 0.7111125 0.75446875 0.7016546875 0.7594703125 0.6732843749999999 0.7516890625 0.64880625 0.7415390625 0.64785625 0.7294578125 0.6616015625 0.7266796875 0.686634375
1 0.8395046875000001 0.5870578125 0.8478406250000001 0.58149375 0.8578453125 0.5653609375 0.8522875000000001 0.5442218750000001 0.8428390625000001 0.537546875 0.8353609375 0.539440625 0.8295 0.5592421875 0.8395046875000001 0.5870578125
1 0.8910562499999999 0.530475 0.901265625 0.52314375 0.9025968750000001 0.49715156250000003 0.8983796875 0.4829328125 0.88550625 0.481378125 0.8820203125000001 0.4890796875 0.8781828125000001 0.5180343749999999 0.8910562499999999 0.530475
1 0.8983796875 0.4216171875 0.9057046874999999 0.414953125 0.9057046874999999 0.3916265625 0.899934375 0.3871828125 0.8917328124999999 0.3913859375 0.8915 0.41517499999999996 0.8983796875 0.4216171875
1 0.8282421875000001 0.40739843750000004 0.832015625 0.4118421875 0.8371203125 0.41139843750000005 0.842003125 0.40362187499999996 0.839340625 0.3820734375 0.827621875 0.381671875 0.8282421875000001 0.40739843750000004
1 0.6184984375 0.6556140625 0.6177734375 0.6320453125000001 0.6069796875 0.6356078125 0.6083546875 0.6563390625000001 0.6184984375 0.6556140625
1 0.65979375 0.7437218750000001 0.6579828125 0.7089140625 0.6432171875 0.713971875 0.6445796875 0.7473468750000001 0.65979375 0.7437218750000001
1 0.1331578125 0.6741937499999999 0.13248437500000002 0.6478796874999999 0.1163203125 0.6512296875 0.1173171875 0.6758796874999999 0.1331578125 0.6741937499999999
1 0.2147234375 0.7315437499999999 0.2170828125 0.7005078124999999 0.2083203125 0.6903859375 0.19934687499999998 0.7009609375 0.2009046875 0.73289375 0.2147234375 0.7315437499999999
1 0.3074109375 0.7797859375 0.3158375 0.7885578125 0.322240625 0.7794484374999999 0.32089375000000003 0.7561703125 0.308503125 0.755328125 0.3074109375 0.7797859375
1 0.40616562500000003 0.7575203125 0.40582812500000004 0.7443640625 0.399115625 0.7456343750000001 0.39942500000000003 0.7585328125 0.40616562500000003 0.7575203125