0 0.36953125 0.57109375 0.7390625 0.8578125
0 0.61328125 0.38359375 0.7734375 0.7671875
1 0.6572780140625001 0.343734296875 0.6374099656250001 0.3242320765625 0.6112765796875 0.3206148484375 0.6171651328125 0.350586078125 0.6412530921874999 0.372256253125 0.65932238125 0.3682234671875 0.6572780140625001 0.343734296875
1 0.8204851468750001 0.5011333171875 0.82434738125 0.485244203125 0.809509509375 0.4605515359375 0.7875778312499999 0.44718262031249995 0.779294271875 0.4531246453125 0.7791941734375001 0.47142437812500004 0.7935204984374999 0.49213949531249995 0.8204851468750001 0.5011333171875
1 0.8159833624999999 0.33330013125 0.81294991875 0.314560878125 0.7948869109375 0.30225327812499997 0.783376890625 0.3034143234375 0.7789754906249999 0.309749646875 0.787543178125 0.328539196875 0.8133425046875 0.34296825000000003 0.8159833624999999 0.33330013125
1 0.818022678125 0.2542128734375 0.801974975 0.2337229421875 0.789463884375 0.22575863906250002 0.7787282109375 0.2330310359375 0.7811500203125 0.2411304609375 0.79724980625 0.2655004671875 0.815127296875 0.266443790625 0.818022678125 0.2542128734375
1 0.7350898421875 0.1520433046875 0.7278195703125 0.1524752296875 0.7243872703124999 0.161028078125 0.73981859375 0.17913465 0.749237215625 0.17948314999999998 0.7503934437499999 0.1696480859375 0.7350898421875 0.1520433046875
1 0.696300075 0.2119607265625 0.6948832953124999 0.2028882671875 0.678736834375 0.1883722125 0.6696291328124999 0.195757340625 0.6869754328125001 0.2147664625 0.69273864375 0.21564460625 0.696300075 0.2119607265625
1 0.6915239171875001 0.5397014546875 0.6755142609375 0.5223895359374999 0.669705325 0.532159525 0.684343975 0.5469035171875001 0.6915239171875001 0.5397014546875
1 0.7804938109374999 0.5791051015625001 0.7562910984375 0.55402339375 0.7484655640625 0.5675276953124999 0.7713898265625 0.591822246875 0.7804938109374999 0.5791051015625001
1 0.33742206874999997 0.8721358218749999 0.319650240625 0.8527181609375001 0.309648865625 0.8658510171874999 0.326573071875 0.8838006 0.33742206874999997 0.8721358218749999
1 0.40493644375000004 0.8489133421874999 0.42706194999999997 0.871991325 0.43660541249999996 0.8619065515625 0.4180246484375 0.8369355421875 0.40477095937499996 0.8350451828125 0.40493644375000004 0.8489133421874999
1 0.53288964375 0.8108384609374999 0.5229857953125 0.8183318359375 0.5382072796874999 0.8375069203125 0.5503217546875 0.8385988171875001 0.5491779671875 0.8275230562500001 0.53288964375 0.8108384609374999
1 0.5981308249999999 0.7559139359375 0.5892448328125 0.7462062078125 0.5850122453125 0.751568721875 0.5937078703124999 0.7611003265625 0.5981308249999999 0.7559139359375