0 0.65390625 0.27109375 0.4328125 0.4484375
0 0.2453125 0.32734375 0.4234375 0.4421875
0 0.71640625 0.70546875 0.4296875 0.4515625
0 0.3078125 0.7625 0.4234375 0.4390625
1 0.6127459953125001 0.2099130640625 0.6363846328125 0.195095234375 0.6477968078125 0.1726903859375 0.635649196875 0.1478821359375 0.6352383968749999 0.148015225 0.6349961828125 0.1305347765625 0.6176491765625001 0.1191742046875 0.5955353 0.12477123593749999 0.5751470828125 0.1300269234375 0.555490809375 0.14934277812500002 0.5622374859375 0.1850377671875 0.5800198187500001 0.2081562484375 0.6127459953125001 0.2099130640625
1 0.5788983015625 0.20907582656249998 0.5742250171875 0.212620846875 0.5455809203124999 0.2073019109375 0.530426696875 0.22188174374999997 0.5342433015625 0.2509329890625 0.5580314796875 0.270110303125 0.5850644703125 0.2617013203125 0.5949230703125 0.2524704484375 0.5922271453125 0.225850384375 0.5788983015625 0.20907582656249998
1 0.65275055625 0.4288915859375 0.6875284140625 0.4020013171875 0.689879665625 0.37197950625 0.680071109375 0.3422826609375 0.65239946875 0.3312775296875 0.6302151515625 0.33140575 0.616656965625 0.32137351718749996 0.5941295796875 0.29525412812499996 0.5935976671875001 0.29556143281249997 0.56199401875 0.2907539578125 0.5348398453125001 0.29714929375 0.5253929187499999 0.32762735468750004 0.530055090625 0.3671312640625 0.5356949156249999 0.41335718125 0.5654209109375 0.43412678125 0.617943675 0.4370305359375 0.65275055625 0.4288915859375
1 0.5173154984375 0.40460744374999996 0.5328608921875 0.396242940625 0.5304722749999999 0.381041953125 0.5213038171875 0.37481359687500004 0.50519681875 0.3850958140625 0.5048493765625001 0.39542736562499997 0.5173154984375 0.40460744374999996
1 0.6803733421875 0.7448478765625001 0.69730255625 0.723176503125 0.727878353125 0.7059627140625 0.6972990984375 0.6370463265625 0.6461018765625 0.6034178765625 0.6351675343750001 0.5947798484375 0.590440421875 0.623926175 0.607215478125 0.71552660625 0.601182009375 0.7692743609375 0.63618956875 0.83415773125 0.6545840468749999 0.8290390562500001 0.6584831171875 0.7822910624999999 0.6786728140625 0.7692297031249999 0.6803733421875 0.7448478765625001
1 0.7726127734375 0.7534920625 0.765539103125 0.7753521359375 0.7737784796875 0.8034117999999999 0.808838971875 0.8133146765625 0.8462455734375001 0.79841708125 0.8405276625000001 0.7643831703124999 0.805000259375 0.7437714921875 0.79417354375 0.7492371421875 0.7726127734375 0.7534920625
1 0.5126005046875 0.5621170484375 0.5238814374999999 0.590772303125 0.5344097953125 0.5994240093750001 0.557441825 0.5916234046875 0.558832625 0.5714986921875 0.548924278125 0.54920231875 0.5254673203125 0.5469487375 0.5126005046875 0.5621170484375
1 0.7123794328125 0.8821628453124999 0.7241617687499999 0.8779363984374999 0.733833190625 0.8652564046875 0.7250142125 0.8519455562499999 0.7049431796875 0.8564770859375 0.7031384125 0.8699328890625001 0.7123794328125 0.8821628453124999
1 0.2695208453125 0.7560716125 0.28517571249999996 0.763300715625 0.3564691328125 0.7709420453125 0.4157609421875 0.7582527234375 0.42195397031250004 0.72665743125 0.389369059375 0.6873379328125 0.205294196875 0.666907046875 0.180718390625 0.6692855203125 0.161281621875 0.6942522328125 0.154891821875 0.741764903125 0.170528878125 0.7657816015625001 0.19141265937500002 0.7701670875 0.2073046984375 0.7520153609375 0.23041949218750002 0.729914815625 0.2489644828125 0.73412653125 0.2695208453125 0.7560716125
1 0.296759284375 0.8928998515625001 0.307446284375 0.9312992343750001 0.34981538749999996 0.9382648171874999 0.37957445 0.9190905953125 0.367784903125 0.874389225 0.3347076859375 0.86472275625 0.305644378125 0.875764578125 0.296759284375 0.8928998515625001
1 0.225351721875 0.8235099 0.22241735937499998 0.8252291656249999 0.18772414531249998 0.8233884046875 0.176565715625 0.8335117265624999 0.1642379046875 0.85930465 0.172091009375 0.8948038328125 0.209247103125 0.914262153125 0.24436927343749998 0.91486589375 0.261978853125 0.8676454109374999 0.225351721875 0.8235099
1 0.3754011390625 0.46254922499999995 0.3894072984375 0.47255322031249997 0.412386484375 0.4689136734375 0.40627861875000004 0.44685064687500003 0.38687308593749997 0.4302538828125 0.37512035625 0.4406801546875 0.3736397515625 0.4440469734375 0.3754011390625 0.46254922499999995
1 0.1664609859375 0.4118954078125 0.1606580984375 0.44091989531250003 0.182291709375 0.45804018125 0.21191023125 0.44921536250000005 0.21190422187500002 0.42592487187500006 0.1947742921875 0.410711025 0.17737953281250002 0.4049819421875 0.1664609859375 0.4118954078125
1 0.3230592015625 0.23998783281249997 0.3277499953125 0.2644204625 0.34416133125 0.2707324375 0.3589119078125 0.267178053125 0.3616302546875 0.2436490671875 0.341312484375 0.23721386249999998 0.33950373125 0.23960753437500001 0.3230592015625 0.23998783281249997
1 0.338349759375 0.389206428125 0.33240274375 0.29083026093750003 0.3177485703125 0.23891950781250001 0.291564640625 0.219528403125 0.24920506250000002 0.2233203359375 0.21218876875 0.2516393015625 0.1867102953125 0.30138591406250004 0.1878814046875 0.3490125109375 0.206635509375 0.3947670375 0.300957515625 0.41171580468749996 0.338349759375 0.389206428125
1 0.3926307625 0.291463190625 0.37184415 0.28745147968749996 0.3686310796875 0.2898381859375 0.35834375937499996 0.29909899375000004 0.36839148125 0.3191490328125 0.38592318125 0.31481561875 0.3926307625 0.291463190625
1 0.24005095625 0.475817259375 0.23917047187499998 0.4839219671875 0.2419180984375 0.50025099375 0.258371121875 0.49843607968750003 0.2696869046875 0.49020519062499995 0.260443634375 0.4725873765625 0.24005095625 0.475817259375
1 0.3891790296875 0.2751333625 0.38758957656250004 0.2873416875 0.40004011874999995 0.2948552484375 0.413244103125 0.288487859375 0.41720705156250004 0.2763228328125 0.4099558421875 0.263901115625 0.397065909375 0.267067465625 0.3891790296875 0.2751333625