0 0.297921875 0.312234375 0.39584374999999994 0.37446875
0 0.2900625 0.724078125 0.389484375 0.36692187500000006
0 0.736859375 0.318984375 0.3987187499999999 0.37234375000000003
0 0.729015625 0.730328125 0.386140625 0.3669062500000001
1 0.1735046875 0.3113640625 0.1562015625 0.30886874999999997 0.1422671875 0.324225 0.1443359375 0.3469421875 0.1463375 0.3679015625 0.162340625 0.3903375 0.1986515625 0.3892578125 0.22426718750000002 0.3753109375 0.231121875 0.34326249999999997 0.22018437500000002 0.317596875 0.199840625 0.3028203125 0.1734375 0.3109375 0.1735046875 0.3113640625
1 0.2277703125 0.3817328125 0.2180359375 0.40919218749999997 0.230065625 0.426440625 0.25935625 0.427215625 0.28201875 0.40672031249999996 0.2779421875 0.3787046875 0.2703671875 0.3675234375 0.24365312499999997 0.366021875 0.225 0.3765625 0.2277703125 0.3817328125
1 0.3127203125 0.3755734375 0.303028125 0.4060359375 0.305096875 0.43385625 0.333721875 0.44795468749999995 0.37346875 0.4495296875 0.4200078125 0.451190625 0.44517187500000005 0.42507968749999997 0.45625625000000003 0.37365781249999996 0.45366249999999997 0.33800625 0.43254374999999995 0.29945 0.40325937500000003 0.29243125000000003 0.37239374999999997 0.2974734375 0.3571953125 0.3230828125 0.3538515625 0.3450140625 0.341821875 0.3568359375 0.3125 0.375 0.3127203125 0.3755734375
1 0.3873234375 0.4768921875 0.3974734375 0.47885156249999994 0.40849062500000005 0.46797500000000003 0.4026609375 0.45131249999999995 0.3872734375 0.45129374999999994 0.3796875 0.459375 0.3873234375 0.4768921875
1 0.6147578125 0.3813234375 0.6365484375 0.430059375 0.7296453125 0.4278203125 0.7817875 0.4421875 0.8513484375000001 0.41776093750000004 0.8491703125000001 0.3987921875 0.8036078124999999 0.387628125 0.793865625 0.36564375 0.77005 0.36015 0.75129375 0.3400390625 0.7390749999999999 0.30714687500000004 0.6662234375 0.32656874999999996 0.625 0.371875 0.6147578125 0.3813234375
1 0.7930171875 0.27039843750000003 0.8135015624999999 0.2808046875 0.8425046875 0.27705625 0.8577703124999999 0.24397656250000002 0.8489078125 0.20470000000000002 0.8143984375000001 0.20502343750000002 0.7884828125000001 0.23688906250000002 0.7921875 0.2484375 0.7930171875 0.27039843750000003
1 0.5503546874999999 0.482190625 0.5633234375 0.49727187500000003 0.593390625 0.4906125 0.6035828125 0.48156718749999994 0.59948125 0.4575984375 0.579821875 0.4530765625 0.55625 0.459375 0.5503546874999999 0.482190625
1 0.8841484375 0.3533453125 0.8971562499999999 0.3572328125 0.91068125 0.35001875 0.9083500000000001 0.3377203125 0.8973390625000001 0.326184375 0.8828125 0.3328125 0.8841484375 0.3533453125
1 0.6172546875 0.8418328125000001 0.6388734375 0.8649359375 0.6848015625 0.8786796875 0.7109687499999999 0.8669921875 0.7185671874999999 0.8470515625000001 0.703125 0.828515625 0.6849125 0.8022281250000001 0.6919734375 0.7845703125 0.7168640625 0.7676999999999999 0.726453125 0.75336875 0.7451531250000001 0.6841484375 0.7418953125 0.6236015625 0.7116578125 0.6125421875 0.667725 0.638575 0.61875 0.8171875 0.6172546875 0.8418328125000001
1 0.840734375 0.7507453125 0.8562687499999999 0.7622015625 0.8958671875 0.757653125 0.909375 0.7168953124999999 0.8950921875000001 0.684503125 0.8490968750000001 0.6891546875000001 0.834375 0.7203125 0.840734375 0.7507453125
1 0.7778015625 0.8250421875 0.77055625 0.8590203125 0.778809375 0.8716250000000001 0.8023562500000001 0.8878359375 0.838646875 0.8856328124999999 0.8636781250000001 0.8519781249999999 0.8697687500000001 0.8173828125 0.825884375 0.7926031250000001 0.7765625 0.821875 0.7778015625 0.8250421875
1 0.42496875 0.6160515625 0.44351874999999996 0.61720625 0.45559062499999997 0.6049375 0.45559062499999997 0.581671875 0.43284374999999997 0.584253125 0.413415625 0.6008234375 0.421875 0.6140625 0.42496875 0.6160515625
1 0.3556828125 0.803784375 0.360803125 0.81565 0.38856250000000003 0.825921875 0.40885625000000003 0.8072328125 0.4047734375 0.7765984375 0.38176875 0.7729609375 0.3640625 0.7875 0.3556828125 0.803784375
1 0.21770625 0.6177859375 0.21550937499999998 0.6340874999999999 0.240375 0.6332765625000001 0.24917656250000003 0.6180546875 0.2479734375 0.6029296875 0.225159375 0.5965640624999999 0.215625 0.615625 0.21770625 0.6177859375
1 0.21362343749999999 0.639165625 0.19037500000000002 0.6619937499999999 0.18749375 0.704425 0.2096734375 0.7454156249999999 0.25482187500000003 0.7783625 0.3020453125 0.78465625 0.3501703125 0.773290625 0.381665625 0.68278125 0.3652828125 0.6423281249999999 0.2671875 0.6328125 0.21362343749999999 0.639165625
1 0.3007875 0.601696875 0.29925 0.583703125 0.27723437500000003 0.5734250000000001 0.27002031249999997 0.593328125 0.271875 0.596875 0.2794125 0.608484375 0.3007875 0.601696875
1 0.454296875 0.7259453125 0.43545 0.73231875 0.43545 0.7529656250000001 0.44331718750000004 0.755103125 0.459875 0.75494375 0.46065625 0.738409375 0.454296875 0.7259453125
1 0.2538328125 0.565228125 0.260565625 0.5742796875 0.272375 0.5777593750000001 0.28174375 0.5666375 0.2775203125 0.5526 0.266125 0.5467828124999999 0.252721875 0.5520015625 0.2538328125 0.565228125