0 0.24765625 0.415625 0.4953125 0.50625
0 0.40390625 0.771875 0.5078125 0.45625
0 0.6375 0.24375 0.51875 0.4875
0 0.77578125 0.61171875 0.4484375 0.4953125
1 0.19007353124999998 0.4715803890625 0.16931402812500002 0.4529418203125 0.144631484375 0.448147346875 0.12413259843749999 0.466662459375 0.1243737640625 0.46702066249999996 0.1076372421875 0.4720717578125 0.10149824062499999 0.49187816875 0.11297386406250001 0.511592640625 0.12364571093750001 0.5297423890624999 0.14763130468750002 0.543313040625 0.18008389375 0.5269888453125 0.1974053296875 0.503523053125 0.19007353124999998 0.4715803890625
1 0.1985984171875 0.5043476546875 0.203294240625 0.5078627640625 0.206076734375 0.536863334375 0.2242688390625 0.5474117625 0.25114268906250004 0.535735396875 0.263020196875 0.50758275 0.24748566093750002 0.4839148 0.2358949796875 0.47698247968749996 0.211049228125 0.486911453125 0.1985984171875 0.5043476546875
1 0.3895424453125 0.37276687656249996 0.3541077828125 0.3467482171875 0.3246008734375 0.35276317968750004 0.29875803749999996 0.37037733125 0.295806565625 0.40001044375 0.30204464531249997 0.4213000359375 0.29613818593749996 0.437098259375 0.2772400078125 0.46595244999999996 0.27768202343750004 0.466379053125 0.2817719265625 0.49808355000000004 0.2954042234375 0.5224230234375 0.327305540625 0.5231030999999999 0.3639940671875 0.5077327796875 0.40687472500000005 0.4895698421875 0.4186461515625 0.4552705046875 0.4069601828125 0.40398199999999995 0.3895424453125 0.37276687656249996
1 0.40352999062499995 0.5096490265625 0.3912046234375 0.49701140468749994 0.3772508875 0.50349745 0.373790978125 0.5140275062499999 0.3881145703125 0.5266763828125 0.3981416625 0.5241626046875 0.40352999062499995 0.5096490265625
1 0.6856452546875 0.25912479374999997 0.66014706875 0.24882482968750003 0.63517228125 0.22417824999999997 0.5773543828125 0.272568846875 0.5591405093749999 0.3310520328125 0.5538510171875 0.343943759375 0.5941967265625 0.378904403125 0.6776248812500001 0.337530684375 0.7309535875 0.3285155375 0.7836740953125 0.27697983125 0.773683503125 0.2607088203125 0.72767171875 0.2698462890625 0.7095513 0.2540389046875 0.6856452546875 0.25912479374999997
1 0.6685299453125 0.16807590156250002 0.691492965625 0.1688500953125 0.7161945656250001 0.1531956078125 0.716049840625 0.11676369687499999 0.6914186953125 0.084912496875 0.6602792703125 0.09978992343750001 0.6502587328125 0.13962240312500002 0.6584969 0.1485231734375 0.6685299453125 0.16807590156250002
1 0.5562375687500001 0.4707658375 0.580673321875 0.4520234515625 0.5860878656249999 0.4395182109375 0.57224095625 0.419528540625 0.5525124859375 0.423738740625 0.533810946875 0.43940896875 0.538110278125 0.4625784140625 0.5562375687500001 0.4707658375
1 0.8088188000000001 0.1905094296875 0.801508425 0.1803484890625 0.7866538296875001 0.1745468015625 0.7762894593749999 0.1866931140625 0.786177771875 0.2047375703125 0.79960978125 0.2027635015625 0.8088188000000001 0.1905094296875
1 0.809680496875 0.6509678812499999 0.8123144906249999 0.6339268453125 0.800008678125 0.5632889750000001 0.7714678828125 0.5097916828125 0.7393895078125 0.5125474046875 0.7105747984375 0.554707953125 0.7416732796875001 0.7372835828125 0.750733625 0.7602517671875 0.78009066875 0.77205383125 0.827524046875 0.7650998343750001 0.8463002218750001 0.7434486312499999 0.844759471875 0.7221650484375 0.8229304718750001 0.711891934375 0.7953147640625 0.695764303125 0.7942516328125 0.676776809375 0.809680496875 0.6509678812499999
1 0.9337003109375 0.5870696375 0.96766643125 0.56621233125 0.9626836703125001 0.523564559375 0.9360495156249999 0.5002434453125 0.8963294421875 0.5238976515625 0.8961547515625 0.558357953125 0.9147797656250001 0.583251859375 0.9337003109375 0.5870696375
1 0.8866809999999999 0.6748374562499999 0.889142484375 0.6771842515625 0.8969357765625 0.7110408921875 0.90974261875 0.7189766984375 0.9379343734375001 0.7237174578125 0.9698937687500001 0.7063836671875 0.9783567 0.6653034984375 0.9692560703125 0.6313754874999999 0.9190109703125 0.627463803125 0.8866809999999999 0.6748374562499999
1 0.4983441046875 0.6300949453125 0.5040999421875 0.6138738859374999 0.49426746406250005 0.59278806875 0.47474267656249997 0.6047407203125 0.46413773281250004 0.6279692046875 0.47739960000000004 0.636392784375 0.481044103125 0.6368880109374999 0.4983441046875 0.6300949453125
1 0.5072442421875001 0.8449031937499999 0.5367438625000001 0.8424810562499999 0.54723790625 0.816966503125 0.530590975 0.7909278015625001 0.508204375 0.7973533078124999 0.4983015359375 0.818013159375 0.49758903437499996 0.8363132234374999 0.5072442421875001 0.8449031937499999
1 0.29883175781250004 0.741755478125 0.32102495000000003 0.730511853125 0.3225688328125 0.7129964484375 0.3150863296875 0.6997970046875001 0.2917195375 0.7036694296875 0.29113395937500003 0.72497390625 0.2939334640625 0.72605280625 0.29883175781250004 0.741755478125
1 0.438055228125 0.68592703125 0.34512920625 0.7187598171875 0.29926862656250003 0.7471548546875 0.28784596875 0.7776693765625 0.303166890625 0.8173428171875001 0.3405919 0.8451193984375 0.39543423125 0.8558988546874999 0.4408930546875 0.8416454421875 0.479705796875 0.8110061843749999 0.469999328125 0.7156663375 0.438055228125 0.68592703125
1 0.329136525 0.6606904703125001 0.3310097890625 0.681777621875 0.3341896796875 0.6842083578125 0.345927309375 0.6915445390625 0.3624311171875 0.6763595109375 0.35343318125 0.660701409375 0.329136525 0.6606904703125001
1 0.5484057250000001 0.756544725 0.556439165625 0.755157140625 0.5713782843749999 0.7480150640625001 0.565098609375 0.7326996609374999 0.5540675171875 0.724090971875 0.539679978125 0.7378323015625 0.5484057250000001 0.756544725
1 0.3143907140625 0.6685095984375 0.326564221875 0.666672409375 0.3303548859375 0.6526331625 0.320594646875 0.64169576875 0.30780853750000003 0.6412394734375 0.2978667203125 0.651633671875 0.3044633578125 0.66315150625 0.3143907140625 0.6685095984375