1 0.3576875 0.1338171875 0.3313078125 0.16439062499999998 0.3174234375 0.2019125 0.324365625 0.233875 0.303540625 0.2644484375 0.3174234375 0.3005796875 0.3590765625 0.33671093750000003 0.40350625000000007 0.3464390625 0.4534890625 0.3533875 0.5118015625 0.368675 0.5548421875 0.343659375 0.553453125 0.2978 0.5742796875 0.274175 0.5701140625 0.2588890625 0.6034359375 0.22970625 0.6506421875 0.1852359375 0.696459375 0.140765625 0.6589734375 0.11158281249999999 0.6048250000000001 0.13520625 0.5465109375 0.1671703125 0.48125625000000005 0.172728125 0.44618125 0.165278125 0.3923984375 0.13798593750000002 0.3576875 0.1338171875
1 0.8505734374999999 0.23804375000000003 0.8894484374999999 0.24916093749999998 0.9324890625 0.23804375000000003 0.9283250000000001 0.21441875000000002 0.8836812500000001 0.2017359375 0.8505734374999999 0.2185875 0.8505734374999999 0.23804375000000003
1 0.1674484375 0.696590625 0.16189375 0.7349187500000001 0.1868859375 0.7849484375 0.261859375 0.8210796874999999 0.3548828125 0.832196875 0.442353125 0.83775625 0.5173265625 0.8349765625 0.5506484375 0.7766093749999999 0.5742515625 0.7474265625000001 0.520103125 0.6835 0.4492953125 0.6445890624999999 0.3993125 0.625134375 0.3251046875 0.6157640625 0.23686875000000002 0.6479515625000001 0.1674484375 0.696590625
1 0.7645234375000001 0.11673125 0.79506875 0.13618593750000002 0.849215625 0.12645781250000002 0.847828125 0.09310625 0.8125 0.0888890625 0.7686890625 0.097275 0.7645234375000001 0.11673125
1 0.9172484375 0.2112296875 0.9644546875 0.21261875 0.9704859375 0.18611093750000002 0.9158593749999999 0.184825 0.9172484375 0.2112296875
1 0.923915625 0.7153609375000001 0.9453968749999999 0.721753125 0.955265625 0.721753125 0.954684375 0.7072265625 0.9444437499999999 0.7017359375 0.923915625 0.7078078125 0.923915625 0.7153609375000001
1 0.893728125 0.819375 0.8977921875 0.8472671875 0.9512015625 0.849009375 0.9531484375 0.7892328125 0.9436546874999999 0.8147265625 0.893728125 0.819375
1 0.06092499999999999 0.647934375 0.071509375 0.6492578124999999 0.096646875 0.6545546875 0.10987812500000001 0.64065 0.1039234375 0.63005625 0.079446875 0.624096875 0.0628671875 0.6313203125 0.06092499999999999 0.647934375
1 0.5820937500000001 0.8841546875 0.6014906250000001 0.8891656250000001 0.6196359375 0.8822765625000001 0.612753125 0.86661875 0.599334375 0.86395 0.5814671875 0.8722562500000001 0.5820937500000001 0.8841546875
1 0.0861421875 0.24688125 0.107053125 0.24339375 0.1148953125 0.234671875 0.10269687499999999 0.2224640625 0.07953125 0.230096875 0.0861421875 0.24688125
1 0.2783671875 0.1961640625 0.27520625 0.2021390625 0.289953125 0.211628125 0.30259375 0.204246875 0.3011890625 0.1968671875 0.29838125 0.1891359375 0.291971875 0.18888125 0.2913578125 0.1961640625 0.2783671875 0.1961640625
1 0.2938234375 0.24150624999999998 0.3021875 0.247784375 0.31138750000000004 0.247784375 0.3180796875 0.2375296875 0.3078328125 0.227065625 0.3063703125 0.22852968749999997 0.2946609375 0.23250625 0.2938234375 0.24150624999999998
1 0.9108453125 0.29194375 0.91815 0.29834062499999997 0.9313890625000001 0.2951421875 0.934128125 0.286459375 0.9248156249999999 0.2838390625 0.912671875 0.2850890625 0.9108453125 0.29194375
0 0.09375 0.465625 0.1703125 0.4703125 0.4015625 0.46875 0.459375 0.4765625 0.475 0.4875 0.646875 0.4734375 0.9109375 0.4765625 0.9484375 0.471875 0.95625 0.46875 0.9640625 0.4421875 0.978125 0.071875 0.9625 0.05625 0.80625 0.05 0.096875 0.0453125 0.084375 0.059375 0.078125 0.1890625 0.0828125 0.2328125 0.075 0.2734375 0.0703125 0.446875 0.09375 0.465625
0 0.0625 0.965625 0.7609375 0.971875 0.771875 0.9546875 0.78125 0.9546875 0.7875 0.971875 0.9234375 0.9703125 0.9421875 0.95625 0.9484375 0.9203125 0.9484375 0.8046875 0.9625 0.5875 0.953125 0.55625 0.9125 0.5484375 0.6125 0.5484375 0.5671875 0.5359375 0.5515625 0.54375 0.5125 0.540625 0.509375 0.5359375 0.4234375 0.5453125 0.30625 0.5484375 0.2671875 0.54375 0.234375 0.546875 0.2140625 0.55625 0.171875 0.54375 0.0921875 0.546875 0.0703125 0.55625 0.065625 0.5703125 0.0578125 0.75 0.0515625 0.9546875 0.0625 0.965625