1 0.6537531328124999 0.49570269843750003 0.622984740625 0.5475424656250001 0.6351676984375 0.5958110109375 0.6796334374999999 0.607116315625 0.6966026656250001 0.6336480250000001 0.712444653125 0.63385714375 0.7313122203125 0.673932059375 0.761048021875 0.7315672984375 0.7911667015625 0.7878672859375 0.8295515468750001 0.7598773624999999 0.8217685734375 0.7013150421875001 0.8071162781250001 0.6364494781250001 0.8197603953125 0.5721907046875 0.836589775 0.54052795 0.8776492625 0.49635133906249995 0.891224153125 0.46413410781250003 0.86910630625 0.4303491421875 0.8368650171875001 0.40666019374999995 0.8042271640624999 0.40452339375 0.7805782375 0.37607793749999996 0.742020028125 0.37946383125 0.6958072843750001 0.4095442625 0.6742095296875 0.449571384375 0.6537531328124999 0.49570269843750003
1 0.6325983671875 0.9879400984375 0.656455946875 0.9904492765624999 0.6809529328124999 0.95103080625 0.673879921875 0.9145606140625 0.6551773734374999 0.9091977453125001 0.6337754453125 0.94350248125 0.6325983671875 0.9879400984375
1 0.24169181874999998 0.5031751796874999 0.31806730625 0.46874490937499996 0.374988178125 0.4114053796875 0.4074663546875 0.3687212546875 0.436928121875 0.2999709359375 0.4303086328125 0.20628103125 0.4026885953125 0.1261432015625 0.3673763171875 0.11023902968749999 0.3123959140625 0.1204730109375 0.256998846875 0.18258298281250002 0.2206715859375 0.2689385375 0.19121748593750001 0.351488028125 0.17322401406250001 0.42432330625 0.2201454015625 0.4724425265625 0.24169181874999998 0.5031751796874999
1 0.762814925 0.938649784375 0.7952569515625 0.9465089703125 0.8090485234375 0.9137118125000001 0.8130633734374999 0.8692865578125 0.795509028125 0.8599194328124999 0.768388553125 0.8839190328125 0.762814925 0.938649784375
1 0.684160590625 1 0.6883392765624999 0.9866236921875 0.6625745843749999 0.9806808265625 0.65641445 1 0.684160590625 1
1 0.1613490015625 0.8765059624999999 0.17547304375 0.8799512921874999 0.1835736703125 0.8716207921875 0.18339532812499998 0.8502142562499999 0.1761347984375 0.8481323328125001 0.1640691984375 0.8670195109375 0.1613490015625 0.8765059624999999
1 0.0970669390625 0.8558708671874999 0.07517760625 0.8397178593750001 0.08447086718749999 0.790444084375 0.0565389671875 0.7866625828125 0.04014265 0.8375227578125 0.0970669390625 0.8558708671874999
1 0.4746322046875 0.046967346874999996 0.46261168750000004 0.0696710453125 0.4723307046875 0.086222390625 0.4841554046875 0.08341841093749999 0.496630578125 0.0615326546875 0.49425694687500005 0.0436041875 0.4788218234375 0.03715778125 0.4746322046875 0.046967346874999996
1 0.09955605 0.50963174375 0.11650446562500001 0.5073314375 0.122768540625 0.49516811406250005 0.11970892500000001 0.47570355781250007 0.10809870937499999 0.4730261953125 0.097935384375 0.49029046718749997 0.09955605 0.50963174375
1 0.8762962484375001 0.194586996875 0.8753444296874999 0.1702148796875 0.85738803125 0.17194332031249998 0.854976596875 0.19300548906249998 0.8611990015625001 0.20294795781250002 0.8762962484375001 0.194586996875
1 0.8531561312499999 0.3707014015625 0.8482838640624999 0.3660159796875 0.8350976031249999 0.3775760453125 0.8387086874999999 0.3917615421875 0.8461896828125001 0.3924453875 0.854395375 0.3918773671875 0.8564068593749999 0.38578648125 0.8495754296875001 0.3831887921875 0.8531561312499999 0.3707014015625
1 0.796969734375 0.37937046875 0.7944338703125 0.3882140765625 0.8024466921875 0.39747359531250004 0.8153298156250001 0.39050795312500003 0.8143255875 0.3886985578125 0.8137306125 0.37634669375 0.805310103125 0.3730609015625 0.796969734375 0.37937046875
1 0.578015028125 0.971144246875 0.5856064953125 0.9761705109375001 0.5906921734374999 0.9679410171875 0.5928378671875 0.9559231484374999 0.5867521875 0.9522779359375001 0.578589671875 0.9575364343749999 0.578015028125 0.971144246875
0 1 0.20898234062499998 0.91517681875 0.1801737125 0.87182956875 0.1726204921875 0.8349317296875001 0.1539128671875 0.6695049546875 0.1016011 0.645021046875 0.1189624703125 0.6194116468749999 0.19126701875000002 0.5571724796875 0.41398946875 0.5337273390624999 0.46740899375 0.5189067046875 0.47941392499999996 0.48504927656249996 0.648506928125 0.40925984531250004 0.901478728125 0.4034293578125 0.9388180921875 0.404279884375 0.947189315625 0.42765998125 0.962020790625 0.5433462453125 1 0.8211897078125 1 0.8481538234375 0.9184232046874999 1 0.40178182968750004 1 0.20898234062499998
0 0.158508528125 0 0 0.5346805796874999 0 0.823136584375 0.08350945 0.847082534375 0.288407325 0.920465265625 0.321030853125 0.9200671046875 0.3397384765625 0.8831692656250001 0.42242968437500006 0.59479075625 0.44693527343749995 0.554679053125 0.44373224999999994 0.537505921875 0.4575032765625 0.500818003125 0.4628705578125 0.4991061109375 0.4775463140625 0.41391358437500003 0.506843625 0.3004043625 0.5221166234375 0.2641471265625 0.52815703125 0.2317443609375 0.5247440859375 0.2096346328125 0.5483883078125 0.172526871875 0.5673492171875 0.09506496406250001 0.56436695625 0.0714532640625 0.5521412640625 0.06307120000000001 0.38156796875 0.0060327546875 0.36272045468749997 0 0.158508528125 0