1 0.5413659015625 0.6481463953125 0.48362245000000004 0.63083313125 0.4397350125 0.654331421875 0.43952275937499996 0.7002113375000001 0.4178843828125 0.723095109375 0.4215139984375 0.7385171140625 0.3871939578125 0.7665192328125 0.338464471875 0.8093149796875 0.291123203125 0.85215920625 0.327567840625 0.8826324812499999 0.3825077390625 0.8609131874999999 0.4419018078125 0.831003728125 0.5073107078125 0.8277266578125 0.542104340625 0.83639621875 0.59490190625 0.8655487734375 0.6294462109375 0.870926378125 0.6568768265625 0.841292203125 0.6720622374999999 0.8042777437499999 0.6662397546875 0.772092434375 0.688119065625 0.7422644046875 0.6755056734375 0.7056706609375001 0.635138884375 0.6681077484375 0.59107576875 0.656834975 0.5413659015625 0.6481463953125
1 0.05863225625 0.7467030234375 0.061969282812500005 0.7704589546875 0.1061432125 0.7846920859375001 0.1398189671875 0.769006234375 0.14049798125 0.7495618375 0.102034646875 0.737094703125 0.05863225625 0.7467030234375
1 0.43442873281249994 0.2501328203125 0.4863131796875 0.31591019375 0.555719884375 0.3572685859375 0.604993290625 0.37845579687500003 0.678828878125 0.390410215625 0.7681343921875 0.3613217140625 0.8392098953125 0.315135015625 0.84609883125 0.27702409375000003 0.8228678796875 0.22615266875 0.749201075 0.18742689375 0.6566222890625 0.17307000781249998 0.5693992812500001 0.1644613484375 0.49437450624999996 0.1646228078125 0.45903594375 0.2217915234375 0.43442873281249994 0.2501328203125
1 0.13796067343750001 0.8611271859375 0.138183375 0.8945068546874999 0.17334280156249998 0.8999544078125 0.217419715625 0.8931025578125 0.22226181718750002 0.8738035375000001 0.1924140703125 0.8532946859375 0.13796067343750001 0.8611271859375
1 0.0729278 0.774032640625 0.025798784375 0.77099695 0.018846099999999998 0.7972781265625 0.07339450625 0.8004697203125 0.0729278 0.774032640625
1 0.052750782812499994 0.2624934203125 0.052824709375 0.27703141875 0.0628674765625 0.28287609062499997 0.08359500156250001 0.27752433593750003 0.0838586015625 0.26997581249999997 0.062613521875 0.262837834375 0.052750782812499994 0.2624934203125
1 0.05722168749999999 0.19512872812499998 0.0675993734375 0.169981834375 0.11765775 0.167078640625 0.11456958749999999 0.1390616109375 0.061253548437500006 0.135456525 0.05722168749999999 0.19512872812499998
1 0.9334386218749999 0.36578721875000003 0.90850129375 0.35961628437500004 0.8947928375 0.3730507375 0.9003741812499999 0.38384585000000004 0.9246278531250001 0.3906558140625 0.9414495359374999 0.3840154 0.9439703625 0.3674792390625 0.9334386218749999 0.36578721875000003
1 0.3937782015625 0.1137810765625 0.40011037031249996 0.12966955625 0.413427809375 0.1328049890625 0.4315739953125 0.1251273546875 0.4313630640625 0.1132142984375 0.41215288437500003 0.10752947187499999 0.3937782015625 0.1137810765625
1 0.8873752343750001 0.7912325484375 0.910793128125 0.7844128546875 0.9047719843750001 0.7674079859375 0.8837520734375 0.7701635812500001 0.8756102734375 0.7786064546875 0.8873752343750001 0.7912325484375
1 0.710894078125 0.811385721875 0.714261615625 0.8055246781250001 0.6998548875 0.7955267375 0.6869643609375 0.8024623390625001 0.6881106453125 0.809886553125 0.6906469296875 0.8177110859375001 0.6970435125 0.8181893015625 0.6979113671875 0.81093235625 0.710894078125 0.811385721875
1 0.6888898 0.7589655390625001 0.6796954046875 0.7586444640625001 0.6726494093750001 0.76865935 0.6825248515625 0.7794746484374999 0.6840375562500001 0.77806251875 0.695878578125 0.7744970296875 0.6970296640625 0.765531740625 0.6888898 0.7589655390625001
1 0.061724293750000006 0.6896777578125 0.0586838734375 0.6982596890625 0.067899253125 0.70120340625 0.0800792296875 0.7003779781249999 0.0821439046875 0.6935912125 0.075066915625 0.6869433046875 0.061724293750000006 0.6896777578125
0 0.0429373265625 0.51530806875 0.0342025671875 0.541581734375 0.0072249140625 0.9111778765625 0.022295090625 0.9273386625000001 0.1782317859375 0.9390379015624999 0.8870110625000001 0.9684793765625 0.899994221875 0.9548616859375001 0.9107664421875 0.8254713109375 0.9076086515625 0.7815843703125 0.916834184375 0.7412567703125 0.9275717109375 0.568088515625 0.9048028531250001 0.5485319796875 0.8284505843750001 0.54117534375 0.5972869249999999 0.5346663828125 0.5397822953125 0.5248410140625 0.5245485265625 0.5133648734375 0.3522874546875 0.5214204546875 0.088494875 0.5090817109375 0.050854128124999995 0.5124576234375 0.0429373265625 0.51530806875
0 0.0624691171875 0.1798478640625 0.0408354484375 0.3964122859375 0.049114128125 0.42797043125 0.089441728125 0.43719596406249994 0.38925897656249997 0.4476658140625 0.43410762968750005 0.4617395828125 0.4499957640625 0.45447714531249994 0.48892540625 0.4589635046875 0.49188491093750003 0.46375720937500003 0.57809724375 0.4573870953125 0.6953224171875 0.458353784375 0.7341975296875 0.46440169062500003 0.7670991015624999 0.462423734375 0.7877264109375 0.453763340625 0.8294519687499999 0.46772804843750004 0.9091999859375001 0.46738600625000004 0.9313888421875 0.45878014375 0.9365642609375 0.44488980156249996 0.95064300625 0.2655844140625 0.9640326890625 0.0612397265625 0.9534835656249999 0.049927176562499995 0.25568965625 0.019305865624999998 0.244158984375 0.0361011828125 0.2347896953125 0.035774 0.2291433375 0.0183788484375 0.093234115625 0.0151962453125 0.07400476406249999 0.028595814062500002 0.0665043703125 0.0642933 0.0624691171875 0.1798478640625