0 0.500875 0.52515625 0.99825 0.66021875
1 0.282084375 0.372425 0.29954375 0.374703125 0.307134375 0.35874843749999996 0.30789218749999997 0.319240625 0.2847484375 0.30392031249999996 0.2790484375 0.3458328125 0.282084375 0.372425
1 0.14241718750000001 0.41573125 0.17505625 0.4073734375 0.1712609375 0.36710625 0.1471203125 0.345684375 0.1340671875 0.38382031250000004 0.14241718750000001 0.41573125
1 0.25627656249999997 0.4559984375 0.26310781250000004 0.5160203125 0.288915625 0.563125 0.3162421875 0.5714828125 0.3405328125 0.5342546875 0.34356875 0.46663437500000005 0.3367375 0.4066140625 0.299934375 0.3789046875 0.266903125 0.405853125 0.25627656249999997 0.4559984375
1 0.427065625 0.45220000000000005 0.41416250000000004 0.489428125 0.406571875 0.539571875 0.411125 0.5897171875 0.42099374999999994 0.6406203125000001 0.443765625 0.6634140625 0.46805624999999995 0.6611343749999999 0.49462343750000004 0.6345421875 0.5105640625000001 0.593515625 0.5158765625 0.531975 0.50525 0.4749921875 0.5006953125 0.4392828125 0.474128125 0.41725 0.450596875 0.41725 0.4328171875 0.429209375 0.427065625 0.45220000000000005
1 0.22895 0.7198828125000001 0.22895 0.747234375 0.23805937500000002 0.7685078125 0.2555171875 0.767746875 0.26614375 0.7502734375 0.2615890625 0.722921875 0.25248125 0.693290625 0.2344421875 0.6892796875 0.22895 0.7198828125000001
1 0.151525 0.7327984375 0.1560796875 0.7525515625 0.1697421875 0.755590625 0.1780921875 0.7327984375 0.181128125 0.7062062499999999 0.17050156249999998 0.6856921875 0.15945937500000001 0.6854828125 0.143175 0.7100046875 0.151525 0.7327984375
1 0.5598328125 0.597559375 0.55755625 0.65758125 0.5871593749999999 0.698609375 0.6114499999999999 0.717603125 0.6289078124999999 0.68873125 0.64029375 0.6537828125 0.639534375 0.6074375 0.6334625 0.5572921875 0.6055640624999999 0.5298203125 0.5681828125 0.551975 0.5598328125 0.597559375
1 0.6972234375 0.6727765625 0.7025375 0.717603125 0.7283453125 0.748753125 0.7587078125 0.75483125 0.7693359375 0.7206421875 0.7670578124999999 0.6666984375 0.755671875 0.6226328125 0.7253093749999999 0.59148125 0.72705625 0.6010078125 0.6995015625 0.62795 0.6972234375 0.6727765625
1 0.5827359375000001 0.358665625 0.5916109374999999 0.42085156250000005 0.617715625 0.4725859375 0.6652265625 0.503940625 0.7043828125 0.503940625 0.7336203125 0.46474843750000006 0.746671875 0.4271234375 0.714303125 0.3701625 0.6788000000000001 0.32051875 0.6495640625 0.280803125 0.6130171875 0.2586546875 0.58116875 0.3006609375 0.5827359375000001 0.358665625
1 0.5018109374999999 0.2384734375 0.510165625 0.2640796875 0.5195624999999999 0.2761 0.534703125 0.25049375 0.5331375 0.216003125 0.5163968750000001 0.1959828125 0.505465625 0.2217515625 0.5018109374999999 0.2384734375
1 0.0502171875 0.7260500000000001 0.06662343750000001 0.72128125 0.06291875 0.7080375 0.0692703125 0.6884375 0.0483125 0.6765046875 0.0433359375 0.6990328124999999 0.0502171875 0.7260500000000001
1 0.8436328124999999 0.428296875 0.854484375 0.439653125 0.86484375 0.424840625 0.8536671874999999 0.38933125 0.8416593750000001 0.40163593750000004 0.8436328124999999 0.428296875