0 0.503125 0.5 0.99375 1
1 0.2884972109375 0.611425865625 0.253320028125 0.5934256640625 0.22940467031249998 0.6075111453125001 0.26457665937499997 0.6310075015625001 0.2898084265625 0.6399360671875 0.299509678125 0.62524235 0.2884972109375 0.611425865625
1 0.2066097609375 0.7495186453125 0.2351640015625 0.7779684109375 0.2675057609375 0.7844523140625 0.2743018328125 0.7514526953125 0.23644616875 0.7372119265625 0.2066097609375 0.7495186453125
1 0.3131984046875 0.668234809375 0.353610334375 0.699768159375 0.41055226093749997 0.71994013125 0.464203075 0.7173935578124999 0.48369420312500006 0.6964964296875 0.4608820953125 0.658344425 0.401436228125 0.6259729484375 0.34449570625 0.6058016625 0.30345725625000003 0.6267331015625001 0.3131984046875 0.668234809375
1 0.5886822671874999 0.5314996359374999 0.5356987671875 0.4997471578125 0.47982457500000003 0.48431862812500004 0.44573255781250004 0.47275839375000006 0.414283309375 0.48697827499999996 0.4039678875 0.508128021875 0.4069228015625 0.52935094375 0.42506531875000003 0.544598840625 0.45286937812500005 0.5725158296874999 0.494610771875 0.6013198109375 0.5416770390625001 0.619209746875 0.5917546390624999 0.632654234375 0.6222240593749999 0.62217913125 0.6308233984375 0.5993475125 0.6185687875 0.5638118359375001 0.5886822671874999 0.5314996359374999
1 0.5788088640625 0.84000840625 0.603392284375 0.8519985421875 0.6265060109375 0.8531367515625 0.6334750859375 0.8371122015625 0.62242844375 0.819901259375 0.595848378125 0.8120048484375 0.5652233843750001 0.8072014125000001 0.5537105734375001 0.821656534375 0.5788088640625 0.84000840625
1 0.5564764640625001 0.9152593734375 0.5762270984375 0.919824846875 0.5849478359375 0.9088773109374999 0.568122753125 0.89138094375 0.5455527203125 0.8769950124999999 0.522456425 0.87755333125 0.5174276625 0.8873862000000001 0.532329178125 0.91277218125 0.5564764640625001 0.9152593734375
1 0.5730785578125001 0.41819201406250006 0.5766041984375 0.46150203437500004 0.6139147640625 0.48898983906250004 0.6668640890625 0.5173478578124999 0.7167170796875 0.5087262921875 0.7444368578125 0.495220334375 0.7261399890625 0.466872759375 0.6997198078125 0.4413187609375 0.6577320296875 0.421684834375 0.6099999859375 0.4051599421875 0.5730785578125001 0.41819201406250006
1 0.6903201296875 0.3402021046875 0.7024564265625 0.37677877187500003 0.7417476109375001 0.3984770078125 0.7843669890625 0.4133514328125 0.8236778250000001 0.40381078593749997 0.84245085 0.37918562499999997 0.8163809875 0.35464563125000004 0.766898003125 0.3330458140625 0.7223008140625 0.32396232812500003 0.68099193125 0.337596015625 0.6903201296875 0.3402021046875
1 0.4170640828125 0.2606162234375 0.3685517234375 0.269483125 0.33262374375000003 0.29262200312500003 0.356417275 0.33966151718750004 0.40923855312499996 0.36368052031250003 0.46902144687499997 0.38296424375 0.5269635375 0.3821803625 0.57597236875 0.35322280625 0.5931373375 0.3180294015625 0.5707285093750001 0.2745701859375 0.5426328125000001 0.2463458046875 0.47724713437500005 0.2504686140625 0.4170640828125 0.2606162234375
1 0.29241254375 0.3874425390625 0.3073356484375 0.3842660421875 0.29095811718750003 0.359432696875 0.2592718234375 0.3457201765625 0.233939078125 0.35199022343749997 0.2523079328125 0.37311144218750003 0.2657353453125 0.383726640625 0.29241254375 0.3874425390625
1 0.5065798078125 1 0.5089064890625 0.9865195890624999 0.4953790578125 0.9840436625000001 0.4805470359375 0.9697428421875 0.46063459531250006 0.9833485984375001 0.4787011578125 0.9976971828125001 0.489810646875 1 0.5065798078125 1
1 0.5555690765625 0.13361205 0.561364578125 0.1497986203125 0.58619236875 0.1597122921875 0.6011563093750001 0.154937225 0.5923841750000001 0.1391329078125 0.5555690765625 0.13361205