0 0.47421875 0.5 0.7453125 1
1 0.6575234046875 0.320179171875 0.6968148296875001 0.32437743281250003 0.7140939546875 0.30265700624999997 0.6728377328125 0.29332578125 0.6460821375 0.294032503125 0.6422909953125 0.31122688906249996 0.6575234046875 0.320179171875
1 0.6844838984375 0.16191261875000001 0.6476307343750001 0.1455854 0.615113478125 0.151122403125 0.6205948046875001 0.1843656953125 0.661039546875 0.1840943421875 0.6844838984375 0.16191261875000001
1 0.6141043484375001 0.2759955703125 0.5650760203125 0.2610389921875 0.5046871640624999 0.262612996875 0.45551242500000005 0.2842171578125 0.44480475 0.310711303125 0.47977414375 0.33815414062500004 0.546872540625 0.3470720234375 0.607259840625 0.345497884375 0.6380713765625 0.3112498375 0.6141043484375001 0.2759955703125
1 0.40591951093749995 0.5023734390625 0.46676294062499996 0.5130293421875 0.5244550828125 0.507409596875 0.5604255390625 0.50598451875 0.58468999375 0.4814387125 0.5867408765625 0.45799700625 0.5763766125 0.4392426484375 0.5539747562499999 0.43150920625 0.5180128765625 0.4154105375 0.46872150625 0.40347848124999997 0.4183701796875 0.403643828125 0.3668006390625 0.409038525 0.3421089265625 0.4297371390625 0.342262871875 0.45413401875000003 0.366438384375 0.48291777343750003 0.40591951093749995 0.5023734390625
1 0.304577471875 0.21081737656250002 0.277329990625 0.20843353125 0.2553435703125 0.21565414062500002 0.2545800640625 0.23311184062499998 0.27106084375 0.2452208765625 0.2987052921875 0.24306736718750002 0.329017584375 0.2365767453125 0.33458546718750004 0.218955903125 0.304577471875 0.21081737656250002
1 0.298459028125 0.13256133125 0.278384103125 0.13537708906249998 0.2741658390625 0.148722728125 0.2961435453125 0.1590274234375 0.32236994218750004 0.1643694703125 0.3437321078125 0.1555712625 0.34490307656249997 0.1445893421875 0.32189379218749997 0.12622971249999998 0.298459028125 0.13256133125
1 0.4610926484375 0.6025633484374999 0.44228025625 0.5633934359375 0.3975970953125 0.5511022703124999 0.3380020359375 0.5436031203125 0.294549953125 0.569517759375 0.2735114125 0.5920605375 0.3007518734375 0.6119682671875 0.334574971875 0.626356834375 0.380810109375 0.6296396093750001 0.431293803125 0.6279612921875 0.4610926484375 0.6025633484374999
1 0.379587296875 0.717388821875 0.35514918125 0.687590821875 0.31069175000000004 0.6814144734375 0.2655726140625 0.682801421875 0.23229185000000002 0.7057961265625 0.22359058906249998 0.73551334375 0.2567232484375 0.7490807984375001 0.31066027812499997 0.75151285 0.35555057031250004 0.7440108125 0.3892298578125 0.7164788890625 0.379587296875 0.717388821875
1 0.6632148234375 0.693762434375 0.7053273984375 0.6680991921875 0.7305768234375 0.633621753125 0.69150619375 0.5982334218750001 0.6335856421875 0.5947392046875 0.570862834375 0.5981605703125 0.5170501515625 0.619656975 0.4816739265625 0.664254378125 0.478261234375 0.7032616265625 0.5147560671875 0.7358036921875 0.5511003750000001 0.7520848250000001 0.61066568125 0.7248037203125001 0.6632148234375 0.693762434375
1 0.7341365718749999 0.5306887515625001 0.7213430093750001 0.5390022296875 0.7455322265625 0.5563169718750001 0.7800280578125001 0.5577633609375 0.801431228125 0.5428313234375 0.7767132578125 0.5296957765625 0.7603735406250001 0.5245975875 0.7341365718749999 0.5306887515625001
1 0.33084828593750004 0.0464503140625 0.349820128125 0.054485959375000004 0.36353412500000004 0.0346479109375 0.34152546250000004 0.0277268296875 0.31401134375 0.032227190625 0.3173320484375 0.048986634375 0.33084828593750004 0.0464503140625
1 0.5794234953124999 0.86196679375 0.5682121812500001 0.8489322515625 0.5414806999999999 0.8485745250000001 0.5292218875 0.85839503125 0.5430751421875 0.87000598125 0.5794234953124999 0.86196679375