0 0.5328125 0.53671875 0.934375 0.9265625
1 0.40879483437499997 0.3119942328125 0.4003244125 0.329011284375 0.40758618125 0.34266868437500003 0.42518379843750004 0.3545843890625 0.47034367968749996 0.3618555765625 0.48308741718750003 0.3575822609375 0.4892736859375 0.348036340625 0.48234501406249997 0.32794520625 0.46325317187500004 0.3155726703125 0.44083977812499997 0.3087202078125 0.40879483437499997 0.3119942328125
1 0.418065028125 0.48475332499999996 0.44645532499999996 0.4934331109375 0.46206378125 0.485133946875 0.46077891718749997 0.47330387187499995 0.4501956 0.46516654687500003 0.4307706609375 0.459227746875 0.4135442453125 0.46213056874999997 0.408395371875 0.4736275484375 0.418065028125 0.48475332499999996
1 0.5964679281249999 0.48374419062499996 0.609668496875 0.47797665 0.6109152546875001 0.46855446093750003 0.60078876875 0.45892291093750004 0.5729790359375 0.45368840937500005 0.5643848796875 0.4657659515625 0.5710660828125 0.4759780671875 0.5964679281249999 0.48374419062499996
1 0.3843832828125 0.600265571875 0.4182936546875 0.61226690625 0.4502148640625 0.604053371875 0.453288946875 0.5886542796875001 0.42726843125 0.556190609375 0.391407003125 0.5452266703124999 0.3653389640625 0.5503280187499999 0.35985699531250004 0.5682587328125 0.3843832828125 0.600265571875
1 0.29110375 0.664879078125 0.2898569921875 0.6743012671875 0.319075321875 0.696305353125 0.34447716562499997 0.7040714765625 0.3754847140625 0.6988463953124999 0.3773976671875 0.6765567359375 0.3562310328125 0.6602820875 0.3278407359375 0.6516023015625 0.30177269687499997 0.6567036500000001 0.29110375 0.664879078125
1 0.6113725078125001 0.7235816234375 0.6099639109375 0.7068120390625 0.5766341046875 0.6982559875 0.5689536109375 0.707345078125 0.5747211515624999 0.720545646875 0.598628771875 0.7278549390625 0.6113725078125001 0.7235816234375
1 0.641380765625 0.7376577484375 0.6526302765625001 0.732927603125 0.6538770359375 0.7235054140625 0.6473195656249999 0.7182328078125 0.6224982859375 0.71391196875 0.61780624375 0.7239147203125 0.6259816734375 0.7345836671875 0.641380765625 0.7376577484375
1 0.545131621875 0.68372303125 0.5578753578125 0.679449715625 0.5592458515625001 0.6749670375 0.5421050640625 0.66155710625 0.5213096312500001 0.660100984375 0.5136291374999999 0.6691900765625001 0.5218045671875 0.679859021875 0.545131621875 0.68372303125
1 0.520452915625 0.5667071390625 0.5157608734375 0.576709890625 0.5302463046875 0.582772425 0.539544759375 0.5790796734375 0.53435778125 0.5693243890625 0.520452915625 0.5667071390625
1 0.7136460828125 0.7417786468750001 0.7159302359375 0.7343075156250001 0.6999505796875 0.7277881500000001 0.6972095953124999 0.7367535078125 0.7136460828125 0.7417786468750001