0 0.570515625 0.524453125 0.808984375 0.736546875
1 0.365625 0.3765625 0.3859375 0.3828125 0.43125 0.3765625 0.4421875 0.36875 0.4453125 0.3578125 0.4328125 0.340625 0.4109375 0.334375 0.3875 0.334375 0.3578125 0.346875 0.3546875 0.365625 0.365625 0.3765625
1 0.4171875 0.509375 0.446875 0.509375 0.459375 0.496875 0.4546875 0.4859375 0.4421875 0.48125 0.421875 0.48125 0.40625 0.4890625 0.4046875 0.5015625 0.4171875 0.509375
1 0.5609375 0.45625 0.5875 0.45625 0.5984375 0.446875 0.596875 0.4375 0.584375 0.43125 0.55625 0.434375 0.5515625 0.4484375 0.5609375 0.45625
1 0.41875 0.6296875 0.4546875 0.63125 0.4828125 0.6140625 0.48125 0.5984375 0.446875 0.575 0.409375 0.575 0.3859375 0.5875 0.3859375 0.60625 0.41875 0.6296875
1 0.35 0.728125 0.384375 0.740625 0.4109375 0.740625 0.4390625 0.7265625 0.434375 0.7046875 0.409375 0.6953125 0.3796875 0.6953125 0.35625 0.7078125 0.3484375 0.71875 0.35 0.728125
1 0.6359375 0.6890625 0.6609375 0.6890625 0.671875 0.68125 0.665625 0.665625 0.63125 0.6671875 0.6265625 0.678125 0.6359375 0.6890625
1 0.6890625 0.6875 0.7046875 0.6859375 0.7140625 0.678125 0.7125 0.66875 0.7046875 0.665625 0.6796875 0.66875 0.678125 0.6796875 0.6890625 0.6875
1 0.5734375 0.665625 0.596875 0.6625 0.6078125 0.6546875 0.6078125 0.65 0.5875 0.6421875 0.5671875 0.646875 0.5625 0.6578125 0.5734375 0.665625
1 0.553125 0.5703125 0.5609375 0.5640625 0.553125 0.55625 0.5390625 0.5578125 0.5375 0.56875 0.553125 0.5703125
1 0.775 0.66875 0.775 0.6609375 0.7578125 0.659375 0.7578125 0.66875 0.775 0.66875