0 0.4859375 0.5 0.971875 1
1 0.7050367203125 0.5403050109375 0.6965439250000001 0.5232991140625 0.6812663999999999 0.5208793921875 0.6611595859375 0.5277624234375 0.6281746609375001 0.5594527984375001 0.623918109375 0.5722021453125 0.6278188328125001 0.5828875984375 0.648034103125 0.5894452625 0.6694050078125 0.581643815625 0.68836634375 0.5678675984375 0.7050367203125 0.5403050109375
1 0.5614862328125 0.44373950000000006 0.537468540625 0.4611893734375 0.53470314375 0.4786494015625 0.5449243125 0.48474278281250005 0.55779226875 0.481187734375 0.5742254265625 0.4692483453125 0.5822742437499999 0.45374375625 0.5761910171875 0.44271262968749997 0.5614862328125 0.44373950000000006
1 0.4549266171875 0.5868257031249999 0.45158848125000006 0.6008391390625001 0.45836305624999996 0.6075052578125 0.47214942656250003 0.6052142984375 0.4930662015625 0.5861546609375 0.48859273906249995 0.572022615625 0.47641613125 0.5712126578125 0.4549266171875 0.5868257031249999
1 0.48950423125000003 0.34732305625 0.45951176875 0.3671825 0.44686072499999996 0.39761894062500003 0.45730895781249997 0.409341415625 0.498895134375 0.40809763437499996 0.529233271875 0.38605568749999997 0.540847290625 0.36216675781249996 0.5298263171875 0.3469976890625 0.48950423125000003 0.34732305625
1 0.4940386140625 0.2339413296875 0.48726403906250004 0.22727521093749997 0.45210676406249994 0.23736761562500003 0.43061724999999995 0.2529806609375 0.41612937656250004 0.2808889234375 0.432779446875 0.2958309265625 0.4585153578125 0.2887208296875 0.48253304999999996 0.2712709546875 0.4941470703125 0.24738202656250002 0.4940386140625 0.2339413296875
1 0.2544141265625 0.454391259375 0.268654628125 0.4633584921875 0.295546171875 0.4418892859375 0.2929095390625 0.43028541875000004 0.278896103125 0.4269472828125 0.258670678125 0.4416419140625 0.2544141265625 0.454391259375
1 0.2251130140625 0.46988569687500004 0.2221205515625 0.48171662812499993 0.228895128125 0.48838274843749996 0.23705240156250001 0.48631885468749997 0.255440996875 0.46909604531250004 0.2502761859375 0.45932900625000006 0.23683548906250002 0.45943746250000006 0.2251130140625 0.46988569687500004
1 0.326111375 0.425476434375 0.3218548234375 0.43822578125 0.32461006718749996 0.4420180484375 0.345635296875 0.43639910625 0.3593132125 0.42066745 0.356676578125 0.409063584375 0.3432358828125 0.40917203906250005 0.326111375 0.425476434375
1 0.4344164390625 0.47618906718750004 0.42925162656250004 0.46642202812500005 0.41569232187500005 0.47434208437500003 0.41304553437499997 0.48399051249999997 0.4239580515625 0.4857188859375 0.4344164390625 0.47618906718750004
1 0.17833156562500002 0.5251193265625 0.1829236375 0.531439771875 0.19774703124999998 0.5226013015625 0.1922365453125 0.5150167671875 0.17833156562500002 0.5251193265625