0 1 0.22171492499999998 0.9466322234375 0.20169515625 0.8646005484374999 0.2234324359375 0.819913421875 0.27521226875 0.8040526015625 0.3617481890625 0.851360365625 0.416169890625 0.9347287421875 0.4542555984375 1 0.43185220625 1 0.22171492499999998
1 0.9049126296875001 0.3606296140625 0.93601693125 0.373556303125 0.9664828046875 0.3415226171875 0.949518578125 0.31749413125000003 0.9249022140625 0.30759454218750004 0.9027282765625 0.328038909375 0.9049126296875001 0.3606296140625
1 0.8186103203125 0.63380585625 0.8171223968750001 0.672578475 0.8416569218750001 0.69112383125 0.8750849984375 0.68381995625 0.8842157953124999 0.6555246203125 0.8708064343749999 0.62183555 0.8411318140624999 0.6143131625 0.8186103203125 0.63380585625
1 0.7755096609375001 0.7313191546875 0.8117478265625 0.7213793453124999 0.8109493531249999 0.6983463875 0.792424853125 0.6713232359375 0.751770778125 0.6720991546875 0.7514905234375 0.7082782234375 0.7755096609375001 0.7313191546875
0 0.8383252125 0.7558746234375 0.8991637906250001 0.732147440625 0.9317805671875 0.6826386046875 0.9184000250000001 0.58246031875 0.8871542296875001 0.5528928453125 0.8323762703125 0.517877653125 0.7552988296875001 0.51035300625 0.7041591640625 0.5488625578125 0.6749943609375 0.5944624593750001 0.674472740625 0.6565773171875 0.7004612046875 0.716056709375 0.76596819375 0.756864534375 0.8383252125 0.7558746234375
0 0.78020933125 1 0.7826654828125 0.9960651625000001 0.7878355078125 0.9319233328125 0.77397035625 0.8938840578124999 0.741286571875 0.847069509375 0.6812359906250001 0.818277859375 0.6453294296875 0.805482378125 0.583540496875 0.8295542843750001 0.5416176796875 0.8770993515625 0.53315418125 0.9647158843750001 0.558228196875 1 0.78020933125 1
1 0.6947348921875001 0.9587604953125 0.7118131 0.9509372703125001 0.7218486671875 0.9232896828125 0.692970871875 0.9066308453125 0.6750297203125 0.9179979734374999 0.6644921187499999 0.94228924375 0.6947348921875001 0.9587604953125
1 0.61865470625 0.1876202859375 0.5903823078125 0.21274282812499998 0.5860647828125 0.24816680156249998 0.6094497515625 0.2634245625 0.6365430046875 0.25951630468750003 0.6589335734375 0.21184711093750003 0.652726984375 0.206120353125 0.61865470625 0.1876202859375
0 0.7502686875 0.2770480015625 0.7678969828125 0.23130613437499997 0.7548642984375 0.1366190265625 0.6974374171875 0.0822766734375 0.6313348796875 0.062858721875 0.5540184859374999 0.09809060625 0.518127678125 0.16689899218749998 0.5241680796875 0.24575393281250002 0.56705901875 0.2904665234375 0.64775083125 0.321440709375 0.7184613265625 0.298334371875 0.7502686875 0.2770480015625
0 0.5212064328125 0.623417690625 0.5805496109375 0.5798047578125 0.6131551640625 0.503763071875 0.59455863125 0.4171515078125 0.537974 0.3793594921875 0.466571765625 0.377429325 0.40003488281250005 0.41198641562500005 0.3737267890625 0.47860854843749995 0.37214690625 0.5329993546875 0.4051640703125 0.6111277187499999 0.482571290625 0.6348671890625 0.5212064328125 0.623417690625
1 0.4730387453125 0.47169255625 0.47514325937499996 0.5059407515625 0.5194728734375 0.519007303125 0.5453539843749999 0.48171004531249995 0.5324006203125 0.45660031874999996 0.4951048046875 0.4468136828125 0.4730387453125 0.47169255625
1 0.4154887515625 0.77295115 0.3917631203125 0.7663581109375001 0.37270775624999997 0.7745799796874999 0.3823071890625 0.8009186671874999 0.405590159375 0.806072609375 0.4154887515625 0.77295115
0 0.42168237499999994 0.88581330625 0.46651507812500004 0.80625485625 0.4654397140625 0.7389318046875 0.421767084375 0.6938547046875 0.3479023921875 0.67271880625 0.276048434375 0.696240153125 0.2299984828125 0.760311253125 0.2396260109375 0.829432728125 0.2746049453125 0.8809121203125001 0.34175575 0.9103234515624999 0.42168237499999994 0.88581330625
0 0.22294382499999998 0 0.2089193453125 0.0550452 0.228502171875 0.1354636546875 0.2748823046875 0.18085334375 0.3603433984375 0.1750798296875 0.418389771875 0.14036675468749998 0.45497492343749996 0.066372153125 0.446371934375 0 0.22294382499999998 0
1 0.17386094375 0.3628110140625 0.1692529859375 0.4053353015625 0.1983796171875 0.42652196093750006 0.22936135000000002 0.4172067015625 0.24260509687499998 0.3892638484375 0.226766865625 0.3513630640625 0.20384774375 0.34542884687500003 0.17386094375 0.3628110140625
0 0.2791693625 0.447085584375 0.3211383234375 0.35338566718750003 0.3003080359375 0.27730243906249996 0.23184305 0.2282674390625 0.166478265625 0.2215496171875 0.10030589062499999 0.2553250171875 0.0572414921875 0.3435989171875 0.07577463437500001 0.41402333125 0.12293711874999999 0.4597761125 0.17935102812499998 0.4775294484375 0.23829647812500002 0.4612930890625 0.2791693625 0.447085584375
0 0 0.7878782984375 0.039871659375 0.7950078625 0.1028200015625 0.7701835765625 0.1511351296875 0.746138675 0.17189461718750002 0.69382983125 0.174814953125 0.6402726953125 0.15175233125 0.573439234375 0.0673033328125 0.5321584171875 0 0.538647571875 0 0.7878782984375
1 0.038554526562500004 0.6917415984375 0.07933953593750001 0.702205334375 0.10570774062499999 0.6700969640625 0.09454896406249999 0.624704725 0.0589224421875 0.6194979734375 0.0318138640625 0.6572314109375 0.038554526562500004 0.6917415984375