0 1 0.6828524 0.9380546859375001 0.632405703125 0.8698974859374999 0.62668848125 0.7905656999999999 0.6647213453124999 0.7743444234375 0.7349824046875 0.7925351421875 0.82481505625 0.8617317234374999 0.8733678390625 0.9471300859375 0.8830780296875 1 0.8317949453125 1 0.6828524
1 0.8507546828124999 0.7456613421875 0.8585794218749999 0.7784233671874999 0.9024026078125 0.7842418484375 0.911870740625 0.7563939109375 0.905410540625 0.730660021875 0.8758371859375 0.7247378265625 0.8507546828124999 0.7456613421875
1 0.5790232359374999 0.836410271875 0.5467809484374999 0.8579964906249999 0.546198471875 0.888746025 0.5717559624999999 0.911496796875 0.6000143171875 0.9022521859375001 0.619387521875 0.8716018468750001 0.6080309578125 0.8431730265624999 0.5790232359374999 0.836410271875
1 0.47479938749999995 0.8588579859375001 0.504141121875 0.8823328046875 0.5223058453125 0.8681483921875 0.53327960625 0.837277946875 0.508756009375 0.8048441828125 0.47932179843749995 0.8258829750000001 0.47479938749999995 0.8588579859375001
0 0.4918556515625 0.9241101765625 0.546811365625 0.9593831328125001 0.6060365140624999 0.9566700953125 0.679217565625 0.886961690625 0.6847723359375 0.8443039859375 0.68090254375 0.779406271875 0.6416851296875 0.7126264375 0.58047110625 0.693888925 0.5264373703125 0.697097053125 0.47587879375000003 0.73318525 0.44303459062500006 0.78917146875 0.44852440781249997 0.8661539734374999 0.4918556515625 0.9241101765625
0 0.2980249953125 1 0.31975215 0.9867419828124999 0.3423768390625 0.9531659140625001 0.36103955781249997 0.8992072765625 0.3490356453125 0.833702028125 0.338282059375 0.7971320140625 0.2824888546875 0.76129283125 0.21938247500000002 0.7553228484375001 0.143524490625 0.799975440625 0.1167305453125 0.879586584375 0.12957348125 0.9456577625 0.1858390765625 0.998912725 0.18773672187499998 1 0.2980249953125 1
1 0.2433172609375 0.927196490625 0.2596847015625 0.936414675 0.287950828125 0.9282827749999999 0.2844541671875 0.8951283296874999 0.2647124234375 0.8872950625 0.2388665265625 0.8930480140625001 0.2433172609375 0.927196490625
1 0.8224639828125 0.412381484375 0.7855213203125 0.40427529375000004 0.754324946875 0.4216040328125 0.7557265 0.44949115624999997 0.7748133609375001 0.4691128421875 0.8265393953125001 0.45920794374999996 0.827524296875 0.45082060312500005 0.8224639828125 0.412381484375
0 0.8274762000000001 0.571423725 0.8748438000000001 0.5587989203125 0.9437868593750001 0.49259957187500003 0.9539960734375 0.41419861406249997 0.930851428125 0.34930695312500004 0.8569028 0.3074654578125 0.7801395578125 0.318873740625 0.7198950296875 0.3701102984375 0.7089324453125 0.4310911984375 0.7313032609375 0.5145784156250001 0.791559265625 0.55820284375 0.8274762000000001 0.571423725
0 0.4126178203125 0.5896994624999999 0.48278246718749995 0.6120740640625 0.5634665484375 0.5937563296875 0.6226060062500001 0.5278024171875 0.619920778125 0.4598109 0.5795131359375 0.4009107546875 0.5124464640624999 0.367393434375 0.4430845171875 0.38526924687499997 0.398152796875 0.4159612078125 0.3543526265625 0.48859535625 0.38064581406250003 0.5651728234375 0.4126178203125 0.5896994624999999
1 0.5070537749999999 0.4615491890625 0.4805834046875 0.4833823609375 0.4960686359375 0.5269260984375 0.5414552875 0.5259415781250001 0.5541556859375001 0.5007029609375 0.5401513109375 0.4647775703125 0.5070537749999999 0.4615491890625
1 0.22950341562499998 0.5920656234375 0.22089172031249998 0.56899589375 0.2030396265625 0.558412475 0.1873735859375 0.5816600703125 0.1968893453125 0.6035258 0.22950341562499998 0.5920656234375
0 0.1418365328125 0.6634150812499999 0.2325526734375 0.6529222171875 0.286386084375 0.6124807328124999 0.2971840953125 0.5506531781249999 0.2708668203125 0.4784720171875 0.2096029546875 0.43416644531250004 0.1307008625 0.4345713 0.0804393328125 0.48298871718749997 0.05935173125 0.541546096875 0.0750277171875 0.6131597859375 0.1418365328125 0.6634150812499999
0 0.6963513734375 0 0.6888830796875001 0.0029729343750000002 0.6353336781250001 0.06608455468749999 0.62587420625 0.1302862609375 0.6807778484375 0.1960321515625 0.74298011875 0.2225888203125 0.824347221875 0.20869389374999997 0.883063309375 0.15319726875 0.899617484375 0.0893737796875 0.8724084484375 0.02614920625 0.8380619234375001 0 0.6963513734375 0
1 0.835515709375 0.0967896625 0.8454485843749999 0.0770647921875 0.8377650828125001 0.0601131734375 0.809060784375 0.056909476562500005 0.8117433234375 0.093278321875 0.835515709375 0.0967896625
1 0.41928849375 0.1555102984375 0.3821771328125 0.17677753125 0.3821569703125 0.2127946765625 0.407903778125 0.23238405312500002 0.43829450000000003 0.226674071875 0.4596474 0.19158315312500002 0.45097676093750005 0.1695531484375 0.41928849375 0.1555102984375
0 0.41300767031249996 0.2902419484375 0.5134812296875 0.269120121875 0.5627901203125 0.20754746562499998 0.562217559375 0.123336078125 0.5292319359375 0.0665062203125 0.463011915625 0.0328243265625 0.3662842125 0.0498705921875 0.32020317187499997 0.1062586515625 0.3109098078125 0.1713067125 0.329706321875 0.2273816734375 0.377489078125 0.26552605156250003 0.41300767031249996 0.2902419484375
0 0 0.30695664843750003 0.0479603484375 0.33748455312500003 0.095812003125 0.3624390734375 0.1503328671875 0.3484874859375 0.19537803125 0.3193699921875 0.2358915671875 0.2614282171875 0.2196505734375 0.1688432859375 0.1679195625 0.11038689531250001 0.10851413437499999 0.098218734375 0.021393640624999998 0.119544865625 0 0.1445606265625 0 0.30695664843750003
1 0.07364694375 0.239385653125 0.08915443125 0.2785318484375 0.130629490625 0.280991346875 0.16079361875 0.24528281875000002 0.14406522500000002 0.21339990625 0.0976042109375 0.2136477640625 0.07364694375 0.239385653125