0 0.035165625 0.14753125 0.040889062500000004 0.2212828125 0.09525781250000001 0.2864421875 0.161071875 0.305059375 0.246203125 0.2828625 0.2755328125 0.21698750000000003 0.2748171875 0.125334375 0.21615625 0.0644703125 0.1341796875 0.03864375 0.0594890625 0.087384375 0.035165625 0.14753125
1 0.14604999999999999 0.196221875 0.17395 0.207678125 0.20256406249999998 0.19192499999999998 0.201134375 0.158271875 0.1592265625 0.1441984375 0.14461875 0.169728125 0.14604999999999999 0.196221875
1 0.459434375 0.14251875 0.48661875 0.1546921875 0.5223875 0.1396546875 0.5288265625 0.10958125 0.5080796875 0.08237187500000001 0.47857656249999997 0.0860546875 0.4537109375 0.1124453125 0.459434375 0.14251875
1 0.549571875 0.1990859375 0.5824796875 0.18405 0.5932109375 0.15254375 0.5688875 0.12390156249999999 0.54835 0.134359375 0.5316875 0.16256874999999998 0.549571875 0.1990859375
0 0.38431875 0.126765625 0.375734375 0.191209375 0.40148906249999994 0.2642453125 0.458003125 0.29431875 0.5116562499999999 0.3014796875 0.568171875 0.2757015625 0.6110953125 0.2270109375 0.6203953125 0.1503953125 0.58891875 0.0852359375 0.541703125 0.040125 0.48304843750000004 0.0314875 0.3979109375 0.0859515625 0.38431875 0.126765625
0 0.7411953125 0.0852359375 0.7125796875 0.1346421875 0.7118640625 0.201234375 0.7154421875 0.239184375 0.763371875 0.2850109375 0.8241796875 0.30291250000000003 0.9071640625 0.2735546875 0.94865625 0.20051875 0.94865625 0.1332109375 0.9035859374999999 0.0701984375 0.8671015625 0.03869375 0.8301281250000001 0.034171875000000004 0.7698109375 0.05659375 0.7411953125 0.0852359375
1 0.8048640625000001 0.164715625 0.8313328125 0.16399999999999998 0.8334796875 0.12962968749999998 0.819171875 0.11745781250000001 0.7898734375 0.120046875 0.7869796874999999 0.153259375 0.8048640625000001 0.164715625
1 0.169109375 0.48578124999999994 0.1667421875 0.5244796875 0.201459375 0.5394859375000001 0.2353890625 0.528428125 0.23933437500000002 0.5007859375 0.2243421875 0.47788281250000003 0.17167656250000002 0.4777359375 0.169109375 0.48578124999999994
0 0.0379734375 0.49759843750000005 0.0483109375 0.5657140625 0.11291718749999999 0.620896875 0.190446875 0.6243453125 0.2593609375 0.5855453125000001 0.2817578125 0.5277765624999999 0.275728125 0.44155468750000004 0.22490312499999998 0.387234375 0.19216875 0.367403125 0.14326250000000001 0.3707578125 0.0629546875 0.42258593749999995 0.0379734375 0.49759843750000005
0 0.3849515625 0.44931406249999994 0.37461406249999996 0.51656875 0.40304062500000004 0.582096875 0.4624796875 0.6277953125 0.533978125 0.6234828125 0.583940625 0.6019281249999999 0.6407953125 0.5389859375 0.6295968750000001 0.45879843749999993 0.6028921875 0.428621875 0.5382859375 0.3932703125 0.4555890625 0.39585625 0.3849515625 0.44931406249999994
1 0.44697343749999996 0.4889765625 0.453865625 0.5269140625000001 0.4857390625 0.5363984375 0.5158890625 0.5200171874999999 0.508996875 0.47431875 0.46425625000000004 0.46662499999999996 0.44697343749999996 0.4889765625
1 0.8026500000000001 0.4993234375 0.8224640624999999 0.4794921875 0.8172953125 0.4562125 0.78309375 0.46123906249999996 0.7871453125000001 0.485528125 0.8026500000000001 0.4993234375
0 0.7311515625 0.43034531249999997 0.7087546875 0.4889765625 0.720815625 0.564853125 0.7725 0.620034375 0.8500296875 0.6346921875 0.9086062500000001 0.5967546875 0.9404796875000001 0.543296875 0.93875625 0.4700078125 0.8827640625000001 0.40792812500000003 0.7917125 0.40091875000000005 0.7311515625 0.43034531249999997
0 0.0293734375 0.82683125 0.04401875 0.8940859375000001 0.09398125 0.9501296874999999 0.142221875 0.9665125 0.21974999999999997 0.9518546875 0.28435781250000003 0.9001203125 0.30589374999999996 0.8389031250000001 0.26454374999999997 0.7638890625 0.2085515625 0.7259515624999999 0.126028125 0.7240656249999999 0.0578015625 0.7673390625 0.0293734375 0.82683125
1 0.08450625 0.8673562499999999 0.112071875 0.8759781249999999 0.116378125 0.8397656250000001 0.0937125 0.8317828125 0.0801984375 0.84925 0.08450625 0.8673562499999999
1 0.4850703125 0.8337296875 0.513496875 0.8535609375 0.553984375 0.8397656250000001 0.5608765625000001 0.8044140625 0.539340625 0.7802718750000001 0.5084187499999999 0.780078125 0.4807625 0.81045 0.4850703125 0.8337296875
0 0.3670546875 0.8578718750000001 0.388590625 0.9199515625 0.4471671875 0.9656499999999999 0.5453703125 0.9673734375 0.6013640625 0.9208140625000001 0.6228984375 0.858734375 0.615146875 0.800103125 0.5755203125 0.7535421875 0.5453703125 0.722503125 0.4427125 0.7240656249999999 0.3825609375 0.7750984375 0.3670546875 0.8578718750000001
0 0.713734375 0.7845828125 0.7120109375 0.878565625 0.7516375 0.9458187499999999 0.8076296875000001 0.9690984374999999 0.8972187500000001 0.9647875000000001 0.9514890625 0.9216765625000001 0.9764703125 0.8475250000000001 0.9618265625 0.7923421875 0.912725 0.7457828125 0.8705140625000001 0.7121562499999999 0.8143328125 0.7154484375 0.7645593749999999 0.7354359374999999 0.713734375 0.7845828125
1 0.7947093749999999 0.84925 0.8403640625 0.8578718750000001 0.8687921875000001 0.837178125 0.8610390625000001 0.7957921875 0.8207953124999999 0.7854640625 0.7843718749999999 0.8147609375 0.7947093749999999 0.84925