1 0.3757128890625 0.7231739687500001 0.40144846875000006 0.7415101374999999 0.44575160625 0.7473669593750001 0.4874597234375 0.731168625 0.5189749953125 0.7007829125 0.5486335703125 0.627333725 0.53914048125 0.5899286578125 0.5178622093749999 0.57372473125 0.4934819859375 0.5697301984375 0.47801638124999996 0.5700001515625 0.456115484375 0.5814326609375 0.381222628125 0.6589864828125 0.3674594625 0.693482421875 0.3757128890625 0.7231739687500001
1 0.5085395796875 0.799312078125 0.498346734375 0.7851247 0.4772612875 0.7799676343749999 0.46206563593750005 0.79570319375 0.46128875 0.8145021390625 0.47031906093750003 0.825394740625 0.490280540625 0.8294664015625001 0.505553321875 0.8181495890624999 0.5085395796875 0.799312078125
1 0.5560603625 0.799587621875 0.5969144656250001 0.7977694890625 0.616490296875 0.7797474296875 0.6249421374999999 0.7574994484375 0.6209531968750001 0.7188932828125 0.6085509796874999 0.7047444703125 0.5862644343750001 0.69408325625 0.556418628125 0.6934991953125 0.5410687171874999 0.7003972640625 0.522925371875 0.7371797046874999 0.5291236859375 0.77574730625 0.5560603625 0.799587621875
1 0.16787263125000002 0.3378338625 0.1327926296875 0.353916503125 0.10678150625 0.38310111875 0.098445359375 0.4119772140625 0.10448941249999999 0.44170732656249995 0.13158034999999998 0.47438513281250005 0.1617346734375 0.492644171875 0.2272389515625 0.510286175 0.28305731875 0.47947625 0.30615931406249997 0.473547890625 0.32030812656249996 0.4611456734375 0.35213191718750003 0.44843493749999996 0.3683358421875 0.4271566671875 0.3745783125 0.4049472515625 0.37202185625 0.385101465625 0.3438455171875 0.35354762968750003 0.32167466562499997 0.3495145328125 0.242291528125 0.3597403515625 0.19329969375 0.33849505468749996 0.16787263125000002 0.3378338625
1 0.24628605937499998 0.335360128125 0.30714020625 0.339823028125 0.3334984125 0.3305227625 0.3509034359375 0.314748640625 0.3614875203125 0.2880433515625 0.34997788281250003 0.261723709375 0.33881532812500004 0.25528841562500004 0.32772990156250004 0.2532718671875 0.25621454374999997 0.27109551249999997 0.23427508125 0.2803186484375 0.22671581875000002 0.2903958 0.22946509843750001 0.3212884453125 0.24628605937499998 0.335360128125
1 0.3853664015625 0.26331604531249997 0.3932727453125 0.27312324375 0.406644671875 0.279519971875 0.44609926250000004 0.3241372171875 0.4795869265625 0.3434430953125 0.4973775984375 0.34976269375 0.5125346859375 0.3318177640625 0.5373888671875 0.2363519859375 0.5254550171875 0.18572925 0.51417676875 0.172665840625 0.494176725 0.16638480625000002 0.439173809375 0.1806051578125 0.40203869531249997 0.2055638515625 0.38044631562500003 0.23467133750000002 0.3853664015625 0.26331604531249997
1 0.447520565625 0.468870375 0.4839559234375 0.4671293703125 0.5100827421874999 0.44457287343749996 0.5143086625 0.4334488828125 0.5093114484375 0.40038542968749996 0.48776322343749995 0.36871589843749997 0.4733058921875 0.36344313906250003 0.4479559609375 0.3672006921875 0.40310732656250003 0.3933990484375 0.39911279375 0.417779271875 0.422986084375 0.45603835468750004 0.447520565625 0.468870375
1 0.621752446875 0.448148784375 0.6188103453125 0.40620927812499996 0.6042373203125 0.3943084015625 0.56892593125 0.397134809375 0.54721785625 0.41961417812499996 0.54663379375 0.44945998437499995 0.56469441875 0.4712451890625 0.5791517500000001 0.47651794843750006 0.6011683421875 0.47171355625 0.621752446875 0.448148784375
1 0.6394659890625001 0.4500496390625 0.6665569265625 0.48272744375 0.6955487171875 0.4976917078125 0.733069478125 0.494826734375 0.753884971875 0.48451819531250007 0.7734608046875 0.466496134375 0.7960614578125 0.4318459375 0.8045133 0.40959795625 0.7997860375 0.39200010937499996 0.723047665625 0.3005176796875 0.6996371515625001 0.2887710625 0.676380896875 0.285861934375 0.6557582265625 0.307217334375 0.6285018484375 0.3916748171875 0.6394659890625001 0.4500496390625
1 0.70984060625 0.6200997546875 0.7439123328125 0.6095598265625 0.7763973156249999 0.5714220296875 0.774964828125 0.5526616484375 0.75919070625 0.5352566249999999 0.7067884015625 0.50854574375 0.668143671875 0.5103253125 0.6430251265625 0.5273390984375 0.634766109375 0.5606339390625 0.64395068125 0.5803640296875 0.6686779859375 0.6042429109375 0.70984060625 0.6200997546875
1 0.40692523437499994 0.612126890625 0.42537709687499997 0.5930194265625001 0.42262781875 0.56212678125 0.41352037812500003 0.5468154359375 0.395575446875 0.5316583484375 0.37352029062500003 0.53425336875 0.35491416875000004 0.54452334375 0.33878737187499997 0.5702203578125 0.3514981078125 0.6020441484375 0.3749471859375 0.6160001375 0.40692523437499994 0.612126890625
1 0.309409934375 0.5331623734375001 0.2947597796875 0.5168427531249999 0.2737900265625 0.5183138046875 0.259679778125 0.53292539375 0.26006542499999996 0.5550191156250001 0.2758009828125 0.5702147671875 0.29459992968750004 0.570991653125 0.310880984375 0.5541321265625 0.309409934375 0.5331623734375001
1 0.651074546875 0.6719565625 0.6684795718750001 0.6561824390625 0.670110471875 0.6230032921875 0.662127 0.60877735 0.6352288859375 0.5871464046875 0.606468484375 0.5854383750000001 0.593366509375 0.5945072515625001 0.5837907 0.6156698281249999 0.5888264796875 0.650942653125 0.6179725296874999 0.6747444046875 0.651074546875 0.6719565625
1 0.66025911875 0.691686653125 0.6425455765625 0.6897857984375 0.633862346875 0.6987775453125 0.6341323 0.7142431499999999 0.6542480375 0.7271523015625 0.6695208187499999 0.7158354874999999 0.6693279953125 0.7047886265625001 0.66025911875 0.691686653125
1 0.694138021875 0.6700998640625 0.7060774624999999 0.6577362109375 0.6981325546875 0.645719640625 0.6882096625 0.64699786875 0.6828212078125 0.6548270828125 0.694138021875 0.6700998640625
1 0.5112117281249999 0.8257859796875 0.49814831875000004 0.8370642281249999 0.497217175 0.8470256859375 0.50512351875 0.8568328828125 0.518418315625 0.8588108671875 0.530280628125 0.8420284703125 0.5189638140625 0.8267556890625001 0.5112117281249999 0.8257859796875
1 0.549547940625 0.8063314328125 0.5396250484375 0.8076096609375 0.53094181875 0.8166014078125 0.5321814812500001 0.824314928125 0.5500492828125 0.8350532703125 0.5587325125 0.8260615234375001 0.5585396890625 0.8150146625 0.549547940625 0.8063314328125
1 0.28420866875 0.608743803125 0.27320037343750003 0.6111459984375001 0.2613380609375 0.6279283953125 0.2637016921875 0.6367273203125 0.2826934625 0.648551065625 0.3011838890625 0.631652975 0.2987431296875 0.61843530625 0.28420866875 0.608743803125
1 0.41898596093749996 0.543404965625 0.42557551250000003 0.5410799 0.4265066578125 0.5311184421874999 0.4098013890625 0.523674875 0.4055369046875 0.53258949375 0.41898596093749996 0.543404965625
1 0.557173721875 0.48353171250000004 0.537950565625 0.4584517328125 0.5092287265625 0.45895307343749997 0.485272715625 0.4792616359375 0.482517846875 0.511355378125 0.501663875 0.5320166140625 0.5348044562500001 0.5314381421875 0.5553885625 0.5078733703125 0.557173721875 0.48353171250000004
1 0.436854334375 0.1110292171875 0.41662290312500005 0.09149195156249999 0.392319809375 0.0919161625 0.3771241578125 0.10765172187500001 0.378710903125 0.135249590625 0.3933224921875 0.1493598390625 0.41657874687499996 0.1522689671875 0.43406089999999997 0.1409135890625 0.436854334375 0.1110292171875
1 0.612286740625 0.538925865625 0.5966283125 0.5281489578125 0.5746117203125001 0.53295335 0.5638348125 0.548611778125 0.5641818953125 0.5684961281249999 0.5765069828125 0.578226196875 0.598562140625 0.5756311765625 0.6126338234375 0.5588102140625 0.612286740625 0.538925865625
1 0.8333838046875 0.4809204921875 0.8165242781250001 0.4646394375 0.7932680234375 0.4617303078125 0.7791192109375 0.474132525 0.7762872125 0.501807525 0.7920999 0.5214219203125 0.8175655265625 0.524292484375 0.8349319859375001 0.5063089890625 0.8333838046875 0.4809204921875
1 0.6247331140625 0.49229766250000007 0.6181821265624999 0.49683210000000005 0.617289546875 0.5090029296874999 0.626319859375 0.51989553125 0.6351573484374999 0.519741271875 0.646011384375 0.5085015875 0.644771721875 0.50078806875 0.6247331140625 0.49229766250000007
1 0.5583144640625 0.29565795 0.5796313 0.3140712484375 0.60416578125 0.32690326875000003 0.6196313875 0.326633315625 0.6347884734375 0.3086883859375 0.64839738125 0.26535495781249996 0.6520448296875 0.22109038593750002 0.6328988015625 0.2004291515625 0.5897581984375 0.1978671046875 0.5798738703125 0.2013547046875 0.5647553484375 0.2215090078125 0.556457765625 0.2525944765625 0.5559508328125 0.2868590265625 0.5583144640625 0.29565795
1 0.846458396875 0.343669465625 0.8351415828125001 0.328396684375 0.821846784375 0.3264187015625 0.797852209375 0.344517890625 0.7959513546875 0.3622314328125 0.8106015093750001 0.378551053125 0.8315712625 0.3770800015625 0.8456429453125001 0.3602590390625 0.846458396875 0.343669465625
1 0.3985399140625 0.3216523015625 0.3843525359375 0.331845146875 0.392336009375 0.3460710890625 0.4087713234375 0.3380490515625 0.3985399140625 0.3216523015625
1 0.4194157640625 0.5047216703124999 0.42573536250000005 0.48693099999999995 0.4153882578125 0.4639061328125 0.3941485515625 0.44991157968750006 0.3655809734375 0.45925040937499995 0.3548811953125 0.4793275828125 0.36534399375 0.508980565625 0.3820878265625 0.5186335046874999 0.4085231625 0.5137519828125 0.4194157640625 0.5047216703124999
1 0.354335696875 0.5113827609375 0.34185635 0.492815203125 0.324142809375 0.49091435 0.3099939953125 0.5033165671875001 0.30913998125000003 0.51769676875 0.32045679374999997 0.53296955 0.3337515921875 0.5349475328125 0.347977534375 0.5269640609375 0.354335696875 0.5113827609375
1 0.5272457687500001 0.098401203125 0.513642453125 0.0787482421875 0.485928890625 0.07370687031249999 0.472981175 0.09161323593750001 0.47658446874999993 0.1081256796875 0.48782415312499994 0.1189797171875 0.5089096 0.1241367828125 0.5253063499999999 0.11390537187500001 0.5272457687500001 0.098401203125
1 0.27374587031250003 0.5790908203125 0.246886321875 0.5596692484375 0.2325446859375 0.5610246046875 0.22851158906250002 0.58319545625 0.25300750625 0.5938181046875 0.27068248281249996 0.5935095859375 0.2761095015625 0.58788974375 0.27374587031250003 0.5790908203125
1 0.1663076765625 0.5014045312500001 0.14432965 0.5084182937499999 0.143475634375 0.5227984953125 0.171497715625 0.54551484375 0.1946382765625 0.54179585625 0.2054537484375 0.5283468 0.196384871875 0.515244825 0.1663076765625 0.5014045312500001
1 0.45558116875000004 0.4875150625 0.44135522656250004 0.49549853437499997 0.438330403125 0.5121266734375001 0.448484684375 0.524104678125 0.46398885468750006 0.5260440984375 0.47693656874999996 0.5081377328125 0.4734104046875 0.49604403281250004 0.45558116875000004 0.4875150625
1 0.7149926546875001 0.21888660468749999 0.7015050328125 0.20586176093750003 0.683791490625 0.20396090625 0.6751082609375 0.21295265468750002 0.6709980343749999 0.2307047609375 0.6823148484375 0.24597754218749998 0.702276328125 0.250049203125 0.7174719796875 0.2343136453125 0.7149926546875001 0.21888660468749999
1 0.58011085 0.1516245484375 0.5677086328125001 0.1374757359375 0.55332843125 0.1366217203125 0.541388990625 0.1489853734375 0.5416203796875 0.16224160625 0.5528600640625 0.17309564375 0.56832566875 0.172825690625 0.5791797062499999 0.16158600625 0.58011085 0.1516245484375
1 0.6048051828125 0.1103076703125 0.5957748703125 0.09941506875 0.58139466875 0.09856105312499999 0.5704249375 0.1031726203125 0.5618188375 0.1165831125 0.5753450234375 0.13181732968749998 0.5886398203125001 0.1337953125 0.5995709875 0.1269743734375 0.6048051828125 0.1103076703125
1 0.3669257203125 0.15645073125 0.3561102484375 0.1698997890625 0.3573884765625 0.17982268125 0.3663802234375 0.1885059109375 0.382969796875 0.18932136093750002 0.394754978125 0.1681202203125 0.3812673578125 0.15509537499999998 0.3669257203125 0.15645073125
1 0.31017621093750003 0.1972221140625 0.3190136984375 0.19706785468750002 0.3287823328125 0.1869521390625 0.3195977609375 0.1672220484375 0.299983365625 0.1830347359375 0.31017621093750003 0.1972221140625
1 0.35661718124999997 0.1356352375 0.36316816875 0.1311008 0.363013909375 0.12226331093750001 0.3520827421875 0.1290842515625 0.35107446875 0.13462696406250002 0.35661718124999997 0.1356352375
1 0.5781160937500001 0.3538785125 0.550171140625 0.3355809078125 0.5336972624999999 0.3413935734375 0.5197027078125 0.3626332796875 0.523344565625 0.3813550953125 0.5446228375 0.397559021875 0.565554025 0.3938785984375 0.5817579515625 0.372600328125 0.5781160937500001 0.3538785125
1 0.630110959375 0.167327134375 0.641312078125 0.1759717984375 0.6490255984375 0.1747321359375 0.6576316984374999 0.16132164375 0.64193470625 0.1483353640625 0.631042103125 0.1573656765625 0.630110959375 0.167327134375
1 0.7427006265625 0.2869143640625 0.747235065625 0.2934653515625 0.7638246390625001 0.29428080156249997 0.77580264375 0.284126521875 0.777780628125 0.2708317234375 0.758711728125 0.2545892328125 0.7427006265625 0.2869143640625
1 0.3416523453125 0.6077411203125 0.338087615625 0.5934380484374999 0.3280104640625 0.5858787875 0.3158782 0.5871955796874999 0.3050241625 0.5984352640624999 0.3075034875 0.613862303125 0.3209139796875 0.622468403125 0.32975146875 0.6223141453125 0.3416523453125 0.6077411203125
1 0.8330752875 0.463245515625 0.8449761625000001 0.44867249062500003 0.8336979140624999 0.43560908125 0.8184636968750001 0.4491352671875 0.8185793921875 0.45576338281249995 0.8330752875 0.463245515625
1 0.865450165625 0.3554932125 0.8566126765625001 0.355647471875 0.8458357703124999 0.37130589999999997 0.85599005 0.38328390625000003 0.8626181671875001 0.3831682125 0.8735107687499999 0.37413789999999997 0.8744419125 0.3641764421875 0.865450165625 0.3554932125
1 0.5082869734375 0.1517732171875 0.5168930734375 0.138362725 0.5023586124999999 0.128671221875 0.4925899796875 0.13878693749999998 0.49832551562500005 0.150842071875 0.5082869734375 0.1517732171875
1 0.5112844140624999 0.006962929687499999 0.5015157796875 0.017078645312499998 0.5172127734374999 0.030064925 0.5269428421875 0.0177398375 0.5112844140624999 0.006962929687499999
1 0.778860440625 0.33269414375 0.7701772109375 0.3416858921875 0.7769595859375 0.3504076859375 0.7878521875 0.34137737343749996 0.778860440625 0.33269414375
1 0.8001828671875 0.28812105312499997 0.7892517 0.29494199375 0.7982820125 0.3058345953125 0.80595696875 0.3023855609375 0.8001828671875 0.28812105312499997
0 0.50078125 0.45 0.9390625 0.9