1 0.25830414375 0.5826862703125 0.26516011562499997 0.6135331640625 0.29416478281249997 0.647530215625 0.33599875625000003 0.663400684375 0.379751178125 0.6619075328124999 0.45093889374999996 0.6271696078125 0.46891302812499996 0.593020109375 0.46394273437500005 0.566740303125 0.44849756249999995 0.547458234375 0.43682374375000005 0.5373103390625 0.4128983640625 0.5311517875 0.3053484890625 0.53867240625 0.272038175 0.5550985296875 0.25830414375 0.5826862703125
1 0.306067271875 0.728146315625 0.3079857203125 0.7107826953124999 0.29576692968749996 0.69284133125 0.273945215625 0.694367253125 0.260788928125 0.7078177546875 0.260211184375 0.72195499375 0.2723209796875 0.7383376640625 0.29124329531250004 0.7401471171875 0.306067271875 0.728146315625
1 0.341197721875 0.760148696875 0.3727748046875 0.7861342890625 0.39938159375 0.7858400765625 0.42054934062499993 0.774961990625 0.443417546875 0.7436028968749999 0.44366830625000003 0.7247895765625 0.43423992031249997 0.7019541406250001 0.412450978125 0.68154935625 0.3964280609375 0.6764045249999999 0.358332671875 0.6915989390624999 0.3371321546875 0.7244077328125 0.341197721875 0.760148696875
1 0.361691590625 0.1572504859375 0.32486068125 0.145729115625 0.28600233125 0.150012671875 0.2604854859375 0.16589382187499999 0.245083765625 0.19203186249999998 0.24335053593749997 0.23444357968750001 0.2535418828125 0.268189871875 0.29041624375 0.325131353125 0.3525132375 0.33958489375 0.3736482125 0.350637515625 0.39246153437500003 0.350888275 0.42461636093750005 0.3627366296875 0.45089616718750003 0.35776633593749996 0.470396225 0.3454385515625 0.48177583124999995 0.32897965625 0.4819503671875 0.286676934375 0.4681728828125 0.2688445640625 0.40233730625 0.2233261421875 0.38014515625 0.17475587343750001 0.361691590625 0.1572504859375
1 0.421619375 0.20788096875 0.46385655625 0.25191692187500003 0.4896676125 0.26264255937500003 0.5131570140624999 0.2625663359375 0.5388918484375 0.2498025734375 0.5479497984374999 0.2225418171875 0.5439604546875 0.21029025468749998 0.5370717125 0.2013740703125 0.471999096875 0.1667665046875 0.44952341718750005 0.1589402640625 0.43716286093749995 0.16137091406249998 0.41853475781249994 0.18616824999999998 0.421619375 0.20788096875
1 0.5731831125 0.24740469531249998 0.572496375 0.2599832390625 0.57815340625 0.2736845 0.577619115625 0.33324185 0.589587146875 0.369996534375 0.5985795546875 0.38659719375 0.6218509671875 0.38340358281250003 0.7042003 0.329089378125 0.7292049421875 0.28348405 0.729564696875 0.2662294234375 0.7189046 0.24817906406249998 0.6685141953125 0.2219427109375 0.6242168015625 0.21564239375 0.588693828125 0.22282534843750001 0.5731831125 0.24740469531249998
1 0.48182996562499997 0.441750584375 0.510071671875 0.46483677968750003 0.544580925 0.4655562890625 0.5551647984375 0.4601172453125 0.5735749125 0.432202521875 0.5787525125 0.3942488984375 0.5715367875 0.38065663125000004 0.5501838234374999 0.366486621875 0.4993246703125 0.3559462015625 0.4800426 0.3713913734375 0.4721835890625 0.4157977625 0.48182996562499997 0.441750584375
1 0.6251749375 0.5429353265625 0.6510515359375 0.5097995484375 0.6481849078125 0.4912042171875 0.6200521953125 0.469676715625 0.58887831875 0.47185660625 0.568473534375 0.4936455484375 0.567318046875 0.5219200265625 0.5745337734375 0.53551229375 0.5941100546875 0.546673909375 0.6251749375 0.5429353265625
1 0.6370667437499999 0.556200609375 0.6353335140625 0.5986123265625001 0.6468655671875 0.6291322359375 0.6766659671874999 0.6521094359374999 0.699032653125 0.6583769828125 0.7256394421875 0.6580827703125001 0.7656205093749999 0.64745544375 0.78678825625 0.6365773578125 0.795050475 0.620336453125 0.79923644375 0.5010037656249999 0.7896990625 0.4766096375 0.774362884375 0.4588862609375 0.7447477015625 0.46095715625 0.6679791796875 0.5054832218749999 0.6370667437499999 0.556200609375
1 0.5755795390625 0.729662284375 0.6079523546875001 0.7446280265625 0.6576125687500001 0.7380228140625 0.6691011687499999 0.7231226140625 0.6690249453125 0.6996332125 0.6479555109375 0.6447191734375 0.618046115625 0.6201832796875 0.58799495625 0.6160194 0.5595787125 0.6352359265625 0.553202171875 0.65604391875 0.55560005 0.6903351828125001 0.5755795390625 0.729662284375
1 0.3558044359375 0.5210473437500001 0.3823022296875 0.5191944375 0.4009303328125 0.49439710156250005 0.404407475 0.47692448593750003 0.40121386406250004 0.4536530734375 0.38308728125 0.44082376874999996 0.3623882828125 0.436005921875 0.333209078125 0.4443115921875 0.3213607234375 0.47646641875 0.32944840625 0.5025282359375 0.3558044359375 0.5210473437500001
1 0.33617401875 0.3971148 0.33620679062500003 0.3751840921875 0.31963890156249997 0.3622457921875 0.29937588125 0.3636627203125 0.2848788890625 0.38033960312500004 0.28640481093750003 0.4021613171875 0.29985531249999997 0.41531760625 0.3232357203125 0.4136826875 0.33617401875 0.3971148
1 0.49720887031250005 0.7288772328124999 0.520698271875 0.7288010093749999 0.54411145 0.705235384375 0.5476975859375 0.6893214624999999 0.5421823203125 0.6552481875 0.521952071875 0.6347344078125 0.50614714375 0.6327069640625 0.48487040312499996 0.6420263562499999 0.46501059062500005 0.67160876875 0.4707438453125 0.70879943125 0.49720887031250005 0.7288772328124999
1 0.49083232812500005 0.749685225 0.47894052187499997 0.7364199421875 0.4664709703125 0.7372918984375 0.45632307499999997 0.748965715625 0.462634075 0.772019140625 0.4815563890625 0.77382859375 0.4888048859375 0.7654901515625 0.49083232812500005 0.749685225
1 0.5304536421875 0.7563125265624999 0.5475992734374999 0.7551135859375 0.5497357109375 0.740867353125 0.5415062640625 0.73517755 0.5322630953124999 0.7373902109375 0.5304536421875 0.7563125265624999
1 0.29033856875 0.749608275 0.2730839421875 0.7492485203125 0.26572645 0.75602826875 0.2650397125 0.7686068140625 0.27359614374999996 0.7789726984375 0.2936411734375 0.7744383828125 0.295450628125 0.7555160671875 0.29033856875 0.749608275
1 0.3318455578125 0.7608026625 0.3236161109375 0.7551128609375 0.31114656093750004 0.755984815625 0.3069064578125 0.762546575 0.3129994671875 0.7824826109374999 0.3254690171875 0.7816106546875 0.3327175140625 0.7732722140625 0.3318455578125 0.7608026625
1 0.2668719828125 0.4364198109375 0.257083840625 0.4308390015625 0.23703881093749998 0.43537331874999996 0.23290770156249999 0.4434937703125 0.23910970625 0.4649885 0.2641578015625 0.46480328281250005 0.271188309375 0.453347453125 0.2668719828125 0.4364198109375
1 0.41075124531249996 0.47804720312500004 0.41720400937499996 0.4807286125 0.4245615 0.4739488640625 0.41712778593750005 0.45723921093750003 0.4079936109375 0.461010565625 0.41075124531249996 0.47804720312500004
1 0.5535077921875 0.5260183640625 0.5560039828125001 0.4945175046875 0.5343240359375 0.4756714125 0.5029321703125 0.474733915625 0.479409996875 0.49674084687500003 0.479813203125 0.5249063296875 0.504828528125 0.5466518203125 0.5358934109375 0.5429132375 0.5535077921875 0.5260183640625
1 0.71334588125 0.168685678125 0.7113839796875 0.1406291890625 0.6930394093750001 0.12468249687499999 0.6712176953125 0.12620842031249999 0.653930296875 0.1477793734375 0.6553472265625 0.16804239375000002 0.6706834046875 0.18576576875 0.6912734078125 0.189024921875 0.71334588125 0.168685678125
1 0.557398821875 0.60406205 0.5529735015624999 0.5855757140625 0.53339721875 0.574414096875 0.51491088125 0.57883941875 0.5018635875 0.5938486125 0.5045122265625 0.60932655625 0.522638809375 0.6221558625 0.544351528125 0.6190712453125 0.557398821875 0.60406205
1 0.7605191328124999 0.7088984703125 0.7588842140625001 0.6855180625 0.7435480359375 0.6677946875 0.724734715625 0.6675439265625001 0.7041119421875 0.6862154828125 0.702738465625 0.7113725718749999 0.7197423328125 0.730545646875 0.744681434375 0.7288017359375 0.7605191328124999 0.7088984703125
1 0.5978486390625 0.5777387921875 0.589946175 0.5767250703125 0.581138984375 0.58517250625 0.580561240625 0.5993097453125 0.58723199375 0.6051085421875 0.6028189328125 0.6040185984375 0.6070590359375 0.5974568390624999 0.5978486390625 0.5777387921875
1 0.6800676125 0.38716425625 0.6835882062499999 0.41511175 0.6932345828125 0.44106457343749994 0.7049084 0.45121246875 0.7281798140625 0.44801885781250006 0.767288925 0.42492198124999997 0.7996182875 0.3944676125 0.7992150812500001 0.36630212968750003 0.7688697078125 0.3355314609375 0.7591905609375 0.3315093453125 0.7344694484375001 0.3363706453125 0.7075029046875 0.353919484375 0.6841987203125 0.37904380312499997 0.6800676125 0.38716425625
1 0.8620743093750001 0.6156496890625001 0.8638837625000001 0.5967273750000001 0.8553273328125 0.586361490625 0.825385165625 0.5837563046875001 0.8121198828124999 0.5956481109375 0.8120871125000001 0.6175788203125 0.8286550015625 0.63051711875 0.8503677203125 0.627432503125 0.8620743093750001 0.6156496890625001
1 0.5439383656250001 0.29957178125 0.5265747453125 0.2976533328125 0.5229886078125 0.3135672546875 0.54057021875 0.31860309062500003 0.5439383656250001 0.29957178125
1 0.436954828125 0.44958750625 0.45355548749999997 0.4405950984375 0.4612727328125 0.4165607234375 0.4548527390625 0.39194860625 0.42737399375 0.3797732671875 0.40598825781250003 0.387533965625 0.3939219140625 0.41657140468750004 0.3999059296875 0.43494874843750003 0.4228175890625 0.44900976249999996 0.436954828125 0.44958750625
1 0.3841337734375 0.41099059687499995 0.3872839328125 0.38884189999999996 0.37539212499999997 0.3755766171875 0.3565788046875 0.37532585625000003 0.3463219140625 0.38544098125000004 0.3445124609375 0.404363296875 0.3530688921875 0.41472918124999997 0.3689828140625 0.41831531718750004 0.3841337734375 0.41099059687499995
1 0.7889695984375 0.219784909375 0.7920107625 0.19607751874999998 0.7747889078125 0.17378705625 0.7531851828125 0.1784303671875 0.7448139703125001 0.193112578125 0.745903915625 0.2086995171875 0.75812270625 0.22664088124999998 0.7771540156250001 0.23000902812500001 0.7889695984375 0.219784909375
1 0.27893832500000004 0.4073823703125 0.271973359375 0.374976784375 0.2604085359375 0.3663875828125 0.242576165625 0.3801650671875 0.253672240625 0.40445020156249994 0.267013746875 0.41604779531249997 0.2748072171875 0.4155028234375 0.27893832500000004 0.4073823703125
1 0.2510784625 0.2777600234375 0.23005248125 0.2682660953125 0.21979559218750003 0.27838121875 0.225419853125 0.31401318906250003 0.245105128125 0.3267334984375 0.26214176562499997 0.32397586562499997 0.264169209375 0.3081709390625 0.2510784625 0.2777600234375
1 0.4753444296875 0.4609998828125 0.4594305078125 0.457413746875 0.44605622968749997 0.46774685937499993 0.44558748125000003 0.4834427921875 0.4558116 0.49525837656249994 0.47741532500000006 0.490615065625 0.4828871390625 0.47926823125 0.4753444296875 0.4609998828125
1 0.8478722546874999 0.4349502 0.8465643203125 0.41624587343749997 0.8346725140625001 0.402980590625 0.8222029624999999 0.40385254687499994 0.8072699921875 0.4142946546875 0.8054605374999999 0.43321697031250006 0.8175703343749999 0.44959964062499996 0.839392046875 0.4480737171875 0.8478722546874999 0.4349502
1 0.792642640625 0.2947112078125 0.7928934 0.2758978875 0.7827782765625 0.2656409984375 0.76563264375 0.2668399375 0.7569344484375 0.2768460671875 0.7580243921875 0.2924330046875 0.7696982109375 0.3025809015625 0.78528515 0.30149095625 0.792642640625 0.2947112078125
1 0.83864049375 0.2805305171875 0.8392182375000001 0.266393278125 0.8291031125 0.2561363875 0.8178652734374999 0.2522232671875 0.8024963234375001 0.2564306 0.8023545578125001 0.2768026140625 0.8109109890624999 0.2871684984375 0.823598528125 0.28941393125000003 0.83864049375 0.2805305171875
1 0.6309858687500001 0.155649065625 0.61394923125 0.15840669999999998 0.608259428125 0.166636146875 0.6091313828125 0.179105696875 0.620914196875 0.1908122859375 0.643858625 0.18294259375 0.6425506921874999 0.1642382671875 0.6309858687500001 0.155649065625
1 0.561531384375 0.1479752734375 0.5682021374999999 0.1537740703125 0.58223038125 0.1527931203125 0.5886069218750001 0.13198512812500002 0.56344983125 0.13061165156250001 0.561531384375 0.1479752734375
1 0.6372534140624999 0.1332823796875 0.645155878125 0.1342961015625 0.650954675 0.1276253484375 0.6382671359375001 0.1253799171875 0.63380904375 0.1288242875 0.6372534140624999 0.1332823796875
1 0.6558259296875 0.443680440625 0.6473022703125 0.4113838484375 0.631170359375 0.404680325 0.6065582421875 0.41110031718749995 0.5967373296875 0.4274502171875 0.601707625 0.4537300234375 0.6197252125 0.46500063437500005 0.64600501875 0.46003034062500003 0.6558259296875 0.443680440625
1 0.8192928828125 0.33983710624999997 0.8218325265624999 0.35375635625 0.8283942859375 0.357996459375 0.843763234375 0.3537891265625 0.8407876125 0.3336351015625 0.8266503734375 0.3330573578125 0.8192928828125 0.33983710624999997
1 0.822943834375 0.5040449296875 0.8219301140624999 0.51194739375 0.8337129265625001 0.5236539828125 0.849408859375 0.5241227312500001 0.8597747437500001 0.5155663015624999 0.8564721375 0.49073619375 0.822943834375 0.5040449296875
1 0.310231878125 0.47411199374999996 0.3171533921875 0.4610974703125 0.31472274218749996 0.4487369140625 0.30482560625 0.4415974109375 0.28923866875000004 0.44268735625 0.2807584609375 0.4558108734375 0.28496579375 0.47117982343750003 0.291636546875 0.47697862031250005 0.310231878125 0.47411199374999996
1 0.7721167265625 0.6955569640625 0.7907120578125 0.6926903359375001 0.7910718125 0.6754357093750001 0.7706997984374999 0.6752939437500001 0.7663507 0.680297009375 0.7721167265625 0.6955569640625
1 0.8682763140624999 0.6371444203125 0.8616055609375 0.631345621875 0.8431192234375 0.63577094375 0.8426504749999999 0.6514668765625 0.8476535390625 0.655815975 0.861790778125 0.65639371875 0.8691482703125001 0.6496139703125 0.8682763140624999 0.6371444203125
1 0.7391676203124999 0.2467621359375 0.7545365687500001 0.242554803125 0.7502202421875 0.22562715937500002 0.7361919968749999 0.2266081109375 0.732387871875 0.23940464375 0.7391676203124999 0.2467621359375
1 0.838292146875 0.1411527984375 0.8242639031250001 0.14213375 0.8272395250000001 0.162287775 0.8427174687500001 0.1596391359375 0.838292146875 0.1411527984375
1 0.8191831625000001 0.5622615734374999 0.8067136109374999 0.5631335296875 0.8059178796875001 0.57415338125 0.8200551171875 0.574731125 0.8191831625000001 0.5622615734374999
1 0.8648540312499999 0.5434048015624999 0.8521664921875001 0.54115936875 0.8515887484375 0.5552966078125 0.8596002078125 0.5578690234375 0.8648540312499999 0.5434048015624999
0 0.546875 0.45 0.690625 0.728125