1 0.14433781875 0.54171743125 0.20602060937500002 0.49886410000000003 0.2328523890625 0.438673340625 0.22418665624999998 0.3420908484375 0.17482445156249998 0.3165561234375 0.129705584375 0.305564840625 0.08871119375 0.3151152765625 0.044112145312500003 0.3476531125 0.025496346875 0.40191038749999997 0.026554418749999996 0.453105815625 0.0469217359375 0.5173517890625 0.104032584375 0.5465331421874999 0.14433781875 0.54171743125
1 0.415788934375 0 0.090505409375 0.13912714375 0.10758018124999999 0.1952684609375 0.1557187828125 0.2144055125 0.198814765625 0.234019540625 0.24674695624999998 0.2760679625 0.2877709375 0.32824248749999996 0.360157840625 0.320339821875 0.4049521078125 0.28285935625 0.427276828125 0.25343138593750003 0.45054222499999996 0.22312035468750002 0.46191521875 0.19774362031249998 0.49147595156249996 0.21295912968750003 0.525313490625 0.2787591578125 0.5583736 0.3016588328125 0.61051160625 0.2799315515625 0.6618393828125 0.2647811859375 0.715774740625 0.23438770468749998 0.7708795984375 0.17692949687499998 0.79046669375 0.125444325 0.7515950218749999 0.0866180734375 0.7144094171875001 0.0614653125 0.675036309375 0.025304706249999996 0.62736620625 0.00092909375 0.6253720828125 0 0.415788934375 0
1 0.8366884375 0.1537498265625 0.8236575328125 0.1636639015625 0.8262738796875 0.18010483906250002 0.8447192156250001 0.190536296875 0.8572676078124999 0.1881871265625 0.86752116875 0.1838347484375 0.870184728125 0.171974628125 0.8577900546875 0.1512243140625 0.8366884375 0.1537498265625
1 0.8134241171875001 0.24175971718749997 0.832999634375 0.23197193437500002 0.8450984390625 0.214251490625 0.832822146875 0.192376446875 0.8037793546875 0.1932330953125 0.791619540625 0.22097904375000002 0.8134241171875001 0.24175971718749997
1 0.714062784375 0.269204034375 0.6996721484374999 0.2992684421875 0.7134566312499999 0.313387634375 0.7360156640625 0.30467419218749997 0.74965978125 0.2855356515625 0.7453560578125 0.2702421140625 0.727872015625 0.2686655296875 0.714062784375 0.269204034375
1 0.3959305109375 0.3115002484375 0.37233575625 0.30814830312499997 0.350662659375 0.319104834375 0.35318859062499997 0.34322262187499997 0.377901740625 0.35017708281250004 0.40021823124999995 0.3407042953125 0.40285766718750005 0.3243205578125 0.39971016875 0.3117189265625 0.3959305109375 0.3115002484375
1 0.29297514687500004 0.3382074578125 0.2845947875 0.3164491171875 0.25900042968750003 0.3316960625 0.25465965156250003 0.3546768109375 0.27524146875 0.3567411453125 0.29297514687500004 0.3382074578125
1 0.29495245312499996 0.365523546875 0.28513332812500003 0.36540888125 0.2794782703125 0.3673102640625 0.26918271875 0.3733592328125 0.2680830234375 0.3819414765625 0.2729061109375 0.39330395937499996 0.2828078625 0.39266553437499996 0.29425190625000003 0.39230943281249997 0.303189465625 0.38359309375 0.29923868593749997 0.3736698078125 0.29495178125 0.36551477656250003 0.29495245312499996 0.365523546875
1 0.3130186546875 0.39607611249999997 0.30509014218749997 0.3958446953125 0.298515809375 0.39464465625 0.291178584375 0.398025621875 0.28217567187500003 0.40600415781250004 0.28534028125 0.420061715625 0.2997044625 0.42166236562500004 0.3117467171875 0.419132534375 0.31715221875 0.40831350000000005 0.3130186546875 0.39607611249999997
1 0.3555456375 0.405943940625 0.355163621875 0.4070074359375 0.35014496875 0.41098793593750005 0.343343103125 0.41464239843749995 0.339646846875 0.42404164843750003 0.34127325625 0.4355711359375 0.35596408749999997 0.4347381921875 0.3654742890625 0.42128057031250005 0.360975625 0.41232993125000006 0.3555456375 0.405943940625
1 0.3854142203125 0.39674353125 0.3737105046875 0.404537696875 0.37639057343750004 0.41940521875 0.385181075 0.42511841875 0.397456684375 0.42582160625 0.40376987968750006 0.4152894640625 0.40659583125000004 0.40334004375 0.395250265625 0.39357495781249996 0.3854142203125 0.39674353125
1 0.3588689390625 0.42968082812499997 0.36132637343749996 0.441300596875 0.368751334375 0.44806362499999997 0.3860349578125 0.446316825 0.3864690609375 0.4324155625 0.375464928125 0.42003577343750004 0.3668609484375 0.42431939375 0.3588689390625 0.42968082812499997
0 0.47265625 0.3296875 0.9453125 0.659375