1 0.2040828125 0.7276484375 0.1763359375 0.7648859375 0.169109375 0.806353125 0.181634375 0.8601203125 0.22430468750000002 0.89845625 0.27184375 0.9174859375000001 0.338940625 0.9238406250000001 0.3881171875 0.882671875 0.3994328125 0.8436890625 0.3840875 0.770165625 0.339165625 0.7219484375 0.246875 0.6921875 0.2040828125 0.7276484375
1 0.10258750000000001 0.705321875 0.13748125 0.6733156250000001 0.19491562499999998 0.6456234375000001 0.25897187499999996 0.628246875 0.27998124999999996 0.5585265625 0.2629828125 0.5026484375 0.2446171875 0.4706 0.22580625 0.43734062500000004 0.206890625 0.41695625 0.232446875 0.39569062499999996 0.3062375 0.390253125 0.340234375 0.36876875 0.34060625 0.3122859375 0.34671562499999997 0.25911875 0.33981249999999996 0.1975953125 0.308453125 0.1244203125 0.2687140625 0.08627343750000001 0.21778593750000003 0.106884375 0.180103125 0.1312859375 0.1314328125 0.1534 0.09036875 0.18775625 0.05823906250000001 0.2167046875 0.031621875 0.24895 0.0300109375 0.287353125 0.017218749999999998 0.31481875000000004 0.006665625 0.31712656250000004 0.0078125 0.7359375 0.0661625 0.7421562500000001 0.10258750000000001 0.705321875
1 0.08643125 0.1508421875 0.115075 0.1074953125 0.102575 0.072125 0.07614062499999999 0.053753125 0.02346875 0.050275 0.0046015625 0.0522953125 0.0023796875 0.174084375 0.0539 0.1795109375 0.08643125 0.1508421875
1 0.3128296875 0.054785937500000007 0.3168640625 0.07065468750000001 0.3330203125 0.0746703125 0.3498296875 0.0617671875 0.35257031250000004 0.0492984375 0.35257031250000004 0.038159375 0.34269375 0.031073437500000002 0.31875 0.034375 0.3128296875 0.054785937500000007
1 0.336315625 0.10050624999999999 0.3571046875 0.122540625 0.384753125 0.1105890625 0.38339218750000004 0.08874531249999999 0.3718078125 0.070684375 0.346875 0.0734375 0.336315625 0.10050624999999999
1 0.3760921875 0.19985312500000002 0.3711921875 0.212775 0.39324375 0.23776875 0.41162656249999996 0.23059687499999998 0.4124203125 0.2064265625 0.40013437500000004 0.1863890625 0.384375 0.184375 0.3760921875 0.19985312500000002
1 0.285821875 0.52214375 0.2735171875 0.542553125 0.27513437500000004 0.566784375 0.29832187499999996 0.5738828125000001 0.3143796875 0.5538515625 0.3143796875 0.5296078125 0.3003296875 0.5207765625 0.2875 0.51875 0.285821875 0.52214375
1 0.250909375 0.6560796875 0.2703671875 0.6690546875 0.28030937499999997 0.650915625 0.270178125 0.6273500000000001 0.246875 0.6265625 0.250909375 0.6560796875
1 0.034215625 0.8884453125 0.034215625 0.9099921875 0.053679687499999997 0.932390625 0.078240625 0.9492499999999999 0.1110046875 0.9484796875000001 0.1306890625 0.9271421875 0.139690625 0.9003171875 0.12130156249999999 0.868328125 0.084925 0.8667234374999999 0.0484375 0.865625 0.034215625 0.8884453125
1 0.2932390625 0.6629859375 0.300709375 0.6673515625 0.31305312500000004 0.6673515625 0.316334375 0.6579875000000001 0.320478125 0.6473140625 0.31594687499999996 0.63568125 0.30526875000000003 0.635440625 0.296086978125 0.6362003171875 0.2960953125 0.636203125 0.292153125 0.645196875 0.29169375 0.6511453125 0.2932390625 0.6629859375
1 0.3279671875 0.63871875 0.32429375 0.6443015625 0.32453906250000003 0.6523765625 0.328365625 0.66378125 0.3425421875 0.6663609375 0.349628125 0.6537640625 0.35200468749999997 0.6416906250000001 0.3441578125 0.6324875 0.331278125 0.6315109375 0.3279671875 0.63871875
1 0.35780781250000004 0.5969875 0.35951093749999996 0.6031625 0.3602171875 0.6108515625 0.367425 0.6179265625 0.3786734375 0.620934375 0.383646875 0.6070859375000001 0.374975 0.5930734375 0.36497812500000004 0.5937171875 0.35697812500000003 0.5962203125000001 0.35780781250000004 0.5969875
1 0.36017968749999996 0.5651312500000001 0.36278125 0.5789500000000001 0.3775140625 0.5822921875 0.3862078125 0.5764328125 0.3916515625 0.5654078124999999 0.3844234375 0.5554812499999999 0.374528125 0.5482109375 0.36110625 0.5548390624999999 0.36017968749999996 0.5651312500000001
1 0.3783140625 0.592984375 0.3801265625 0.6024359375 0.3917828125 0.6047140625 0.400909375 0.600521875 0.4060546875 0.5839296875 0.393428125 0.5780984375 0.3777328125 0.583390625 0.3783140625 0.592984375
1 0.027318750000000003 0.0384765625 0.036490625 0.0413375 0.0454265625 0.0413375 0.0486 0.034509374999999995 0.048625 0.0252125 0.045075 0.0162265625 0.03763125 0.0164875 0.0304296484375 0.020174862499999998 0.0299046875 0.0206453125 0.0274078125 0.026040625 0.027318750000000003 0.029362500000000003 0.027318750000000003 0.0384765625
1 0.0541640625 0.034385937500000005 0.0562734375 0.04110625 0.060028125 0.046384375 0.072359375 0.048395312499999996 0.0796796875 0.0442671875 0.08307187499999999 0.034282812499999996 0.0820671875 0.0255578125 0.08080781249999999 0.015131249999999999 0.0617796875 0.0179796875 0.0546109375 0.026403125 0.0541640625 0.034385937500000005
0 0.23359375 0.49921875 0.4578125 0.9984375