1 0.8578094328124999 0.514434003125 0.7901823234375 0.5471104234374999 0.7542649765625 0.6023627203124999 0.7477151890625 0.699111740625 0.792475153125 0.732054040625 0.8353191171875001 0.7499681484375 0.877302815625 0.74694823125 0.926442815625 0.7217878171875001 0.9533171296875 0.6711106921875001 0.9602808140624999 0.6203800453125 0.9502145359374999 0.5537388953125 0.8983717875 0.515982709375 0.8578094328124999 0.514434003125
1 0.5327786609375 1 0.84800008125 0.9204889812499999 0.839917965625 0.8623677734375 0.7953657234375 0.83593579375 0.7558686328124999 0.80982155 0.7151043890625 0.7607925671875 0.682747375 0.7028428328125 0.6100154265625 0.6993243953125 0.559909415625 0.7293360484375 0.533256 0.7549093546875 0.5055353484375 0.7812076984375 0.49033257968750005 0.804492875 0.46351601875000004 0.784840375 0.44038846718749997 0.7145570984375 0.41131768125 0.686767615625 0.35642268593750004 0.700071215625 0.30335679843749996 0.7070056218749999 0.24533088749999998 0.7285875625 0.1819160171875 0.7767180640625 0.15451601718750002 0.8245052703125 0.18683535 0.8689343765625 0.21962837968749999 0.8995945750000001 0.2528599734375 0.9414692953125 0.29612999218749997 0.9730020515625 0.33199141249999997 0.9971740890625 0.33790588593750004 1 0.5327786609375 1
1 0.1132912953125 0.789317584375 0.127712671875 0.78156405 0.1277004640625 0.7649162421875 0.11111406093750001 0.7517277250000001 0.0983526703125 0.752084971875 0.087544484375 0.7547797546874999 0.0830583859375 0.766077184375 0.09205439531250001 0.7885109828125 0.1132912953125 0.789317584375
1 0.1500369734375 0.7060305828125 0.1291713171875 0.712635575 0.11444938125 0.7282451812499999 0.12315251875 0.7517713421875001 0.15197175624999998 0.7554685343750001 0.1683222859375 0.7299663984375 0.1500369734375 0.7060305828125
1 0.252468240625 0.6944676859375 0.2713848125 0.6670246140625 0.25997876875000003 0.6509228828125 0.2363343921875 0.6560000390625 0.21986432968749997 0.6727685421875 0.22172263124999997 0.6885470421875 0.2387447828125 0.692839321875 0.252468240625 0.6944676859375
1 0.5733003640625001 0.7024590609375 0.5960802671875001 0.709460771875 0.6192005125 0.7020295515625 0.6204785312500001 0.677813553125 0.597157559375 0.6670787234375 0.5736339515625 0.6729438171875 0.5684640296875 0.6887129453124999 0.5696014484374999 0.70165180625 0.5733003640625001 0.7024590609375
1 0.6791661046875 0.6921864296875 0.6840395328125 0.714987865625 0.7117039296875001 0.703932475 0.7195862453124999 0.68191370625 0.6995807578125001 0.6766550796875 0.6791661046875 0.6921864296875
1 1 0.75470348125 0.9755927828125 0.752761153125 0.9490026500000001 0.7783428375 0.956245915625 0.81402706875 0.9640072312499999 0.8496964703125001 0.989590265625 0.8579751625 1 0.8553797234375 1 0.75470348125
1 0.68148631875 0.664897328125 0.6911666171874999 0.66654663125 0.69704949375 0.665553303125 0.7081645562500001 0.6611893875 0.710593271875 0.652884834375 0.7076070484375 0.640907746875 0.6977273328125 0.6399893359375 0.686368478125 0.6385508109375 0.6761774171875 0.6457616953125 0.6785272124999999 0.656180846875 0.6814856109375 0.6649060953125 0.68148631875 0.664897328125
1 0.6684220171875 0.6318947390625 0.6762167140625001 0.6333636 0.682522378125 0.635577315625 0.6902981703125 0.6333857703125 0.7004383609375 0.6269138296875 0.6995117984375 0.6125342890625001 0.6855748625 0.60870629375 0.6732851140625 0.6093211546874999 0.6662536921875 0.61916138125 0.6684220171875 0.6318947390625
1 0.6279622812500001 0.6154957140625 0.6285059609375 0.614505071875 0.6340855125 0.61135866875 0.6413753203125 0.6088132453124999 0.646496434375 0.6001079390624999 0.646693659375 0.588465971875 0.6320533953125 0.58699050625 0.62055504375 0.5987947203124999 0.623598134375 0.608338909375 0.6279622812500001 0.6154957140625
1 0.5970221687499999 0.6199103765625 0.6098010671874999 0.6140430328125001 0.6094797875 0.5989393 0.601691253125 0.5919213015625 0.5896767796875 0.58930644375 0.5817937203125 0.598721315625 0.5771332609375001 0.6100815421875 0.586811546875 0.6215012421874999 0.5970221687499999 0.6199103765625
1 0.6283931609375 0.5915311875 0.6277837140625 0.57967005 0.6215081375 0.5718287671875 0.6041640453125 0.57085030625 0.6015606499999999 0.5845125125 0.6104926765625 0.5984613109375 0.6196608343750001 0.5955763890625 0.6283931609375 0.5915311875
0 0.51171875 0.7078125 0.9765625 0.584375