1 0.34214218750000003 0.2064828125 0.34064375 0.2240984375 0.3593671875 0.2507109375 0.3803390625 0.2518359375 0.4024328125 0.23571875000000003 0.4043046875 0.2064828125 0.3863296875 0.18286875 0.3638375 0.1794375 0.3466359375 0.1862421875 0.34214218750000003 0.2064828125
1 0.3061921875 0.2106046875 0.3174265625 0.2211 0.336525 0.21547812500000002 0.33839687500000004 0.1967375 0.3301578125 0.1851171875 0.31560625 0.1869296875 0.30469375 0.19973593750000002 0.3061921875 0.2106046875
1 0.40355625 0.3017171875 0.4177859375 0.305840625 0.4230296875 0.2945953125 0.419284375 0.2739796875 0.40504375000000004 0.2726203125 0.3975640625 0.284475 0.40355625 0.3017171875
1 0.2743609375 0.33871093750000003 0.2930859375 0.34920625 0.31330625 0.341334375 0.31143437500000004 0.3308390625 0.295471875 0.324128125 0.2766078125 0.327465625 0.2743609375 0.33871093750000003
1 0.4346375 0.36007500000000003 0.44474843750000004 0.3776921875 0.4645953125 0.37544374999999997 0.47807656249999997 0.3660734375 0.4788265625 0.34733125 0.45280624999999997 0.330215625 0.43538750000000004 0.33871093750000003 0.4346375 0.36007500000000003
1 0.3953171875 0.48013593749999994 0.4073015625 0.49437968750000005 0.42153124999999997 0.496628125 0.44100312500000005 0.4831359375 0.44212656250000004 0.46701718750000004 0.43164218749999994 0.450525 0.400934375 0.44977656250000003 0.40410781250000005 0.4519640625 0.3953171875 0.46701718750000004 0.3953171875 0.48013593749999994
1 0.4222796875 0.7593109375 0.43201718749999996 0.751815625 0.4275234375 0.736821875 0.41253593750000006 0.7408796875 0.41104531250000004 0.7536890625 0.4222796875 0.7593109375
1 0.3863296875 0.8979953125 0.40917343749999996 0.9006187499999999 0.4275234375 0.8856265625 0.4166625 0.868759375 0.395678125 0.8687140624999999 0.3844578125 0.8822531250000001 0.3863296875 0.8979953125
1 0.6939765625 0.536865625 0.6923703125 0.5617671875 0.705746875 0.5845265625 0.7311609375 0.5898828125 0.7538984375 0.5839921875 0.7688796875 0.565515625 0.7723578125 0.5390078125 0.75496875 0.5165171875000001 0.7242046875 0.50951875 0.70494375 0.5189265625 0.6939765625 0.536865625
1 0.6773906249999999 0.7197171875 0.68621875 0.7569359375 0.7167140625 0.7676453125 0.7480140625 0.7577390625 0.7667390625 0.7341765625 0.7739625 0.7052578125 0.7608546875 0.6731265625 0.7445359375 0.6613453125000001 0.7178484375 0.662053125 0.68595 0.681159375 0.6773906249999999 0.7197171875
1 0.75496875 0.787615625 0.7739625 0.790828125 0.7857328125 0.7803859375 0.785196875 0.7672656250000001 0.775834375 0.7557515625 0.7586578125 0.7550453125 0.74828125 0.769140625 0.75496875 0.787615625
1 0.7020015625 0.8649984375 0.71296875 0.873565625 0.726078125 0.8716921875000001 0.7399875 0.8580359375000001 0.7370453125 0.84571875 0.7282171875000001 0.8363468749999999 0.71283125 0.837 0.69959375 0.8494671874999999 0.7020015625 0.8649984375
1 0.7301234375 0.3328703125 0.747715625 0.3386484375 0.77053125 0.335071875 0.7875734375000001 0.3196640625 0.7914218749999999 0.2940765625 0.7905968750000001 0.2690390625 0.775478125 0.24317656250000003 0.7554125 0.23464843750000003 0.735896875 0.23877500000000002 0.7125265625 0.25854374999999996 0.71198125 0.3012296875 0.7301234375 0.3328703125
1 0.7930953125 0.65858125 0.8048093749999999 0.6614234375 0.8143921875 0.6703046875 0.8296546875 0.6656859374999999 0.827525 0.648278125 0.8101328125 0.641884375 0.7959343750000001 0.6294500000000001 0.7909046875 0.6329890625 0.78670625 0.6450812499999999 0.7930953125 0.65858125
1 0.6766890625 0.661140625 0.6883296875 0.6588109375 0.6885875 0.6476765624999999 0.6826390625000001 0.64379375 0.676028125 0.6440703125 0.672290625 0.654409375 0.6766890625 0.661140625
1 0.6785 0.7886671875 0.6764296875 0.7783109375 0.6637359375 0.778628125 0.6632374999999999 0.7907390624999999 0.6785 0.7886671875
1 0.4187390625 0.8072374999999999 0.40777656249999994 0.8195828125 0.41919531250000003 0.8204968750000001 0.4187390625 0.8072374999999999
1 0.4068515625 0.8069453125000001 0.408165625 0.81934375 0.4140046875 0.813034375 0.417925 0.8076968750000001 0.4068515625 0.8069453125000001
1 0.47322968750000005 0.238859375 0.4757359375 0.2342296875 0.4751578125 0.22709375 0.4657453125 0.2267765625 0.46301718750000004 0.23557968749999997 0.47322968750000005 0.238859375
0 0.3078125 0.8640625 0.33125 0.8734375 0.371875 0.8734375 0.396875 0.8546875 0.4203125 0.8578125 0.4375 0.875 0.459375 0.86875 0.478125 0.8515625 0.490625 0.8171875 0.4859375 0.7609375 0.4921875 0.7125 0.496875 0.2515625 0.4921875 0.1984375 0.478125 0.18125 0.4515625 0.171875 0.3453125 0.159375 0.315625 0.171875 0.30625 0.1828125 0.2984375 0.2 0.29375 0.478125 0.2921875 0.8421875 0.3078125 0.8640625
0 0.63125 0.8546875 0.646875 0.8734375 0.796875 0.8796875 0.825 0.85625 0.83125 0.80625 0.834375 0.21875 0.83125 0.2015625 0.803125 0.171875 0.7296875 0.171875 0.7015625 0.1796875 0.646875 0.175 0.6375 0.1796875 0.63125 0.2359375 0.628125 0.425 0.6265625 0.8125 0.63125 0.8546875