1 0.7152466078125 0.7750152703125 0.7154338953125 0.7542826484375 0.71323709375 0.7367404234375 0.689389759375 0.7146022921874999 0.66864226875 0.7178621749999999 0.6503822718750001 0.7382207109375 0.6546297953125 0.7672069578125 0.6771216375 0.7865677843750001 0.6998357140625 0.7852476640625 0.7152466078125 0.7750152703125
1 0.7365703406249999 0.7348462140625001 0.719058103125 0.744316025 0.7211235281249999 0.7630363078125 0.731598546875 0.772689690625 0.7454552828125001 0.767891359375 0.7534667484375001 0.7530961203125 0.749741315625 0.7427764203125 0.7365703406249999 0.7348462140625001
1 0.6179943625 0.684913075 0.6259440609375 0.7042995046875 0.6401561234375001 0.70266838125 0.645007634375 0.6895176328125 0.6355615375 0.6738980734375 0.6207854921875 0.6728232625 0.6179943625 0.684913075
1 0.71560248125 0.6163825875 0.71961555 0.6262593671875 0.7366245140625 0.6295048640625 0.7543824453125 0.6223182375 0.7542421890625 0.6108515109375 0.7337442765625 0.6044786921874999 0.71560248125 0.6163825875
1 0.5794734078125 0.608147646875 0.5605277109375 0.6144733484375 0.54928925625 0.62644180625 0.552452365625 0.644930365625 0.581462609375 0.656262046875 0.5967344437500001 0.6443308156249999 0.593026215625 0.623277675 0.5794734078125 0.608147646875
1 0.6092527546875 0.510497278125 0.6065252125 0.49766520468750003 0.5918412828124999 0.48622440625 0.577455071875 0.4869836203125 0.5612138875 0.5042294015625 0.5634662765625 0.5202294953125 0.5771504609375 0.5341814640625 0.6073428437499999 0.5285290328125 0.6037839468749999 0.5270491296875 0.6092527546875 0.510497278125
1 0.5354710593750001 0.24619931093749997 0.5342658921875 0.2333599328125 0.5221081625 0.23019666718749998 0.5141418125 0.23955272968750002 0.5216547390625 0.2532845265625 0.5354710593750001 0.24619931093749997
1 0.4907165046875 0.107731578125 0.504846990625 0.12197206093749999 0.525382228125 0.1176534875 0.5335424203125 0.1020774515625 0.5284384656250001 0.087068453125 0.5055484625 0.0892518265625 0.4907165046875 0.107731578125
1 0.27871566406250003 0.5373040328124999 0.295599709375 0.5240972296875 0.302597496875 0.504269971875 0.2989913203125 0.47957861093750004 0.2811751265625 0.4600977265625 0.2552027953125 0.46014240468749995 0.2341868953125 0.47063169687500006 0.2233745140625 0.4918192796875 0.2254836796875 0.518470975 0.2471688125 0.5368547359375 0.27871566406250003 0.5373040328124999
1 0.253219334375 0.38678136093750004 0.2804483015625 0.3614605703125 0.2808040140625 0.3219657453125 0.264430590625 0.287395784375 0.2323750703125 0.2832607671875 0.203818675 0.299458178125 0.19040178125 0.32639892656249997 0.1893487390625 0.35618757031250003 0.2088505765625 0.3848914078125 0.22726218281250002 0.39302234999999996 0.253219334375 0.38678136093750004
1 0.1715576703125 0.2724871734375 0.1622156203125 0.285148359375 0.1654677125 0.297870534375 0.177019528125 0.30718641406249997 0.1939675796875 0.304306021875 0.201186809375 0.2883613171875 0.190804278125 0.27168044999999996 0.1715576703125 0.2724871734375
1 0.22652521406249998 0.184976140625 0.2140164671875 0.1788763734375 0.2015830734375 0.1834344640625 0.19081694531249999 0.1996842140625 0.1962557265625 0.21112052656250002 0.2068394578125 0.21845213281250003 0.221753384375 0.2146143640625 0.2321095390625 0.19966738281250002 0.22652521406249998 0.184976140625
1 0.32356976875 0.804562325 0.3423192296875 0.7803666078125 0.3339777203125 0.738500084375 0.309653528125 0.71132285625 0.29124443125 0.7093286187500001 0.2696709921875 0.717570659375 0.25620468125 0.73618504375 0.25776028281249996 0.76201353125 0.26377284218749997 0.786332375 0.283938328125 0.8084863515625 0.3053385671875 0.8126562390625001 0.32356976875 0.804562325
1 0.18939488124999998 0.41769870468750003 0.18033862812499998 0.40582207343750004 0.16828962187500002 0.405477484375 0.1570697 0.39878268906250003 0.143101015625 0.40647376093750004 0.14880345156250002 0.423058384375 0.16714491250000002 0.4256963765625 0.1836183328125 0.434907009375 0.187802296875 0.430399553125 0.18939488124999998 0.41769870468750003
1 0.28482990625000004 0.3947600703125 0.29145563750000003 0.397321284375 0.29786460937500003 0.395676275 0.299370825 0.384786075 0.29366899687500003 0.37911640625 0.28276711718750003 0.38381540625 0.28482990625000004 0.3947600703125
1 0.26538337031250003 0.2547531203125 0.2695616265625 0.26445261875 0.281912040625 0.26150318437500003 0.27988158125 0.24955326875 0.26538337031250003 0.2547531203125
1 0.5124038640624999 0.1697065109375 0.5156069234375 0.182581278125 0.52376313125 0.16822650781249998 0.5124038640624999 0.1697065109375
1 0.5272954015625 0.1803955296875 0.523432275 0.1685412375 0.519032603125 0.175926746875 0.5163076875 0.1819626875 0.5272954015625 0.1803955296875
1 0.5903124875 0.7601308999999999 0.5911507234375 0.7509529359375 0.58047950625 0.7498682156250001 0.5789905890625 0.7549178109375 0.5810397265625 0.7617776125 0.5903124875 0.7601308999999999
0 0.44322314374999994 0.1877946359375 0.45950324374999996 0.2418408515625 0.46346054375 0.290519325 0.554709771875 0.7423588203125 0.570340146875 0.793348325 0.5876688296875 0.8072364796875 0.6156000484375 0.810883959375 0.7221271265625 0.8010201875 0.7485669875000001 0.7826209640624999 0.7554630875 0.7699733015625 0.7595313828125 0.7515370796874999 0.7062910109375 0.47851519218750005 0.6321265171875 0.1220834703125 0.6122948921875 0.1039351109375 0.5874203859375 0.09963790781250001 0.5476831390625 0.1080843203125 0.52712779375 0.13162237968749999 0.503552734375 0.1334385984375 0.483167340625 0.12020016874999999 0.46306981093750005 0.130861659375 0.44830302499999997 0.151571915625 0.44322314374999994 0.1877946359375
0 0.34355274687500004 0.8687093984375001 0.3694388375 0.855220103125 0.4239058703125 0.8484349999999999 0.43210141875 0.8419007609375001 0.4265198078125 0.7855805109375 0.390268215625 0.5999997546875 0.311230790625 0.2206426984375 0.29787445 0.1803516828125 0.2786925484375 0.165260034375 0.1306709609375 0.190333365625 0.108033490625 0.2191062171875 0.11231565156250001 0.2693130453125 0.231407059375 0.8446244843749999 0.238037253125 0.8607866718749999 0.2717200328125 0.8839779125 0.34355274687500004 0.8687093984375001