1 0.2039918953125 0.685320540625 0.22459136562499998 0.6876739515625 0.24226711875 0.687322846875 0.2667767015625 0.6659202140625 0.2657033796875 0.6449456296875 0.2473650578125 0.6246576171875 0.2180936140625 0.625851984375 0.1964878109375 0.64619685625 0.19542643125 0.66892449375 0.2039918953125 0.685320540625
1 0.2417119640625 0.71072626875 0.23412455625 0.6923201015625 0.2152909296875 0.692417409375 0.204595490625 0.701825990625 0.2079191140625 0.7161083796875001 0.221795878125 0.7256224828125 0.23244845781249998 0.7229961609375 0.2417119640625 0.71072626875
1 0.3037661296875 0.598019296875 0.28365493124999996 0.6038990125 0.28379155312500004 0.61820371875 0.2963631390625 0.6244032796875 0.31288451875 0.61664161875 0.31549795937499997 0.602058865625 0.3037661296875 0.598019296875
1 0.3617183734375 0.7022560953125 0.35147621875 0.705214775 0.3464705796875 0.721791315625 0.351761628125 0.740203175 0.3631802 0.7412622859375 0.3716607234375 0.7215428046875 0.3617183734375 0.7022560953125
1 0.3841375640625 0.5677335359375 0.3798268796875 0.5482304109375 0.369098725 0.5358024765625 0.35038081249999997 0.5370156765625 0.3360788125 0.5646825171875001 0.346348340625 0.58111784375 0.367673765625 0.5796305828125 0.3841375640625 0.5677335359375
1 0.47814020468749996 0.6075569921875 0.49118708906249997 0.6061857093749999 0.5041001015625 0.5927781078125001 0.5048488140625 0.5783913468749999 0.48939517343750005 0.5604364578125 0.4732472921875 0.56100404375 0.457941365625 0.5731548875 0.46040686875 0.6037727125 0.462250671875 0.600388003125 0.47814020468749996 0.6075569921875
1 0.7487026078125 0.5618061421875 0.7615976234375 0.56194965625 0.766014390625 0.550189178125 0.7575422921875 0.5412884953125 0.7431004031249999 0.5473249015625 0.7487026078125 0.5618061421875
1 0.8910899234375 0.5317705765625 0.8754504140625 0.5443351171875 0.8775988140625 0.5652092750000001 0.89223655 0.574952903125 0.9076968359375 0.5714457765625001 0.9079180796875 0.5484529421875 0.8910899234375 0.5317705765625
1 0.486030834375 0.2760285484375 0.49740042500000003 0.2942005890625 0.5163876000000001 0.3032325546875 0.541320646875 0.3022270828125 0.5625571125 0.286544796875 0.565227528125 0.26071007343749997 0.5569924562499999 0.23871287031250002 0.5370511437500001 0.225745015625 0.5103249796875 0.225056765625 0.4897752125 0.2447014796875 0.486030834375 0.2760285484375
1 0.63839401875 0.26640579531249997 0.6607298968750001 0.2961323421875 0.699971184375 0.30061443906249996 0.73606325625 0.2879442578125 0.7435263359375 0.2564965671875 0.7304026125 0.226403515625 0.70501189375 0.2102440453125 0.675496509375 0.20608301093749998 0.6449114171875 0.2224776484375 0.6349004796875 0.23993847812500002 0.63839401875 0.26640579531249997
1 0.760598059375 0.19713847812500002 0.7489827421874999 0.18652415 0.7359903250000001 0.18842859843749998 0.7255179859374999 0.19894335624999998 0.72661104375 0.216099646875 0.7417137874999999 0.22494600468749998 0.7593885453125 0.2163639765625 0.760598059375 0.19713847812500002
1 0.841884025 0.260952296875 0.849257896875 0.24914967500000001 0.8460244203125 0.2363079421875 0.8309890546875 0.2239022296875 0.8190468843750001 0.228115796875 0.8106491390624999 0.23787518749999997 0.8129069546875 0.2531085703125 0.8266895421875 0.264970378125 0.841884025 0.260952296875
1 0.2155480796875 0.292700840625 0.23765139687499998 0.31387673125000004 0.2801604984375 0.3099571609375 0.30973141718749997 0.2886070125 0.3136390046875 0.27050721875 0.307697153125 0.24819043125 0.2905923515625 0.23285215781250002 0.2647427515625 0.23169942500000001 0.23992864531250002 0.2351370375 0.2157881625 0.2528763328125 0.209404184375 0.2737234671875 0.2155480796875 0.292700840625
1 0.614317515625 0.19969923750000002 0.6270757234375 0.191934040625 0.6286778875000001 0.17998705937499998 0.6365088078125 0.1695283984375 0.6303199953124999 0.1548322984375 0.61323015625 0.15876993125 0.6086894109375 0.176735171875 0.5978072937500001 0.192155575 0.6018527140625001 0.1967877765625 0.614317515625 0.19969923750000002
1 0.6271548124999999 0.2970091984375 0.6239150515625 0.3033309140625 0.62488113125 0.3098767265625 0.6355542296875 0.3125130265625 0.64178884375 0.3074350765625 0.6382551421875 0.2961017390625 0.6271548124999999 0.2970091984375
1 0.7684275078125 0.2923039046875 0.758344396875 0.2954453984375 0.7599867046875 0.30803645468749996 0.7720833984375 0.307266225 0.7684275078125 0.2923039046875
1 0.82718755 0.5468609843750001 0.8140485015625 0.5487007171875 0.827472078125 0.558312728125 0.82718755 0.5468609843750001
1 0.815000496875 0.5605536390625 0.8271936578125001 0.5579507859375 0.8203084984375 0.55280321875 0.814590453125 0.549462303125 0.815000496875 0.5605536390625
1 0.23185389843749998 0.5626266625 0.24089396562499998 0.564419665625 0.24308819062499998 0.553920290625 0.238221890625 0.551911703125 0.23118547500000003 0.5532325703125001 0.23185389843749998 0.5626266625
0 0.81642986875 0.4761685203125 0.7609779890625 0.48671006875 0.71215253125 0.48555740312499995 0.25325011875 0.5290766703124999 0.2009061203125 0.5392915671875 0.18528270625 0.5550736140625 0.1787356 0.58247055625 0.1774102265625 0.6894451140625 0.19294493906250001 0.7176633765625 0.2048024765625 0.7258437390625 0.22271245 0.7318168578125 0.49980382968750003 0.7074067015625001 0.8620352828125 0.6709057484375001 0.8821571921875 0.6530797828125 0.8890309484375001 0.628790721875 0.8847844796875 0.5883882703125 0.8635239828125 0.56548513125 0.864181978125 0.5418493734375 0.8794787390625001 0.5229594453125 0.8709764171875 0.50185758125 0.8519231640625 0.485006878125 0.81642986875 0.4761685203125
0 0.14966362187499999 0.3058691546875 0.16037318750000001 0.333023453125 0.161427765625 0.387901346875 0.1670695421875 0.3967350125 0.2236647015625 0.3970710484375 0.4120181484375 0.38041651718749997 0.797558709375 0.341465678125 0.8390251234375 0.33239406250000003 0.8560391515625 0.3148947484375 0.8465756453125 0.1650631609375 0.8203266749999999 0.13954211875 0.7699472765625 0.1385527796875 0.1853390125 0.196855371875 0.16857231875 0.2017598359375 0.14198731250000002 0.23283395312500002 0.14966362187499999 0.3058691546875