1 0.41552187500000004 0.4920109375 0.42855781249999997 0.52215625 0.47822343749999996 0.5349859375 0.517559375 0.5151921875000001 0.539746875 0.46190781249999996 0.5341546875 0.42112499999999997 0.5079046875000001 0.3851203125 0.4750421875 0.3576171875 0.4290765625 0.3669984375 0.4073125 0.40933281250000003 0.40625 0.4609375 0.41552187500000004 0.4920109375
1 0.5221859375 0.49684375000000003 0.515753125 0.5383296875 0.513396875 0.5877375 0.533209375 0.65025625 0.5789125 0.6961859375 0.6308906249999999 0.6925234375 0.6849484375 0.6626640625 0.7181640625 0.618653125 0.7319515625 0.5600765625 0.7160578125 0.5147468749999999 0.6854125 0.4655578125 0.638 0.433215625 0.57496875 0.4310359375 0.5421875 0.4625 0.5221859375 0.49684375000000003
1 0.5702812500000001 0.332421875 0.5861875000000001 0.324103125 0.594134375 0.301409375 0.576428125 0.27034375 0.5501640625 0.2720515625 0.5315984375 0.3005671875 0.55 0.3265625 0.5702812500000001 0.332421875
1 0.6239078124999999 0.3250734375 0.6412421875 0.34956718750000004 0.6708796875 0.364421875 0.706878125 0.3417296875 0.7132328125 0.302325 0.703503125 0.2706109375 0.6750125 0.2529484375 0.6385625 0.2643796875 0.625 0.296875 0.6239078124999999 0.3250734375
1 0.6659734375 0.388909375 0.6711546875 0.40378437500000003 0.699640625 0.40912499999999996 0.7111015625 0.38848906250000004 0.7094 0.3658328125 0.6871578125 0.3536078125 0.66875 0.36875 0.6659734375 0.388909375
1 0.370196875 0.35858124999999996 0.350415625 0.3689765625 0.345703125 0.38816562499999996 0.35338125 0.3965765625 0.375 0.3953125 0.378765625 0.3755 0.370196875 0.35858124999999996
1 0.380475 0.6063421875 0.3779109375 0.62395625 0.3853875 0.6345890625 0.4121953125 0.634625 0.42264999999999997 0.6107234375 0.4069640625 0.5953859375 0.3859375 0.6078125 0.380475 0.6063421875
1 0.4681703125 0.681615625 0.4835328125 0.69583125 0.5075375 0.694646875 0.5190796875 0.6734015624999999 0.507428125 0.6449281250000001 0.48284374999999996 0.6449281250000001 0.4671875 0.6671875 0.4681703125 0.681615625
1 0.7408625 0.384746875 0.7596375 0.40235000000000004 0.789203125 0.398021875 0.794640625 0.3630734375 0.786084375 0.3327265625 0.7520140625 0.3378421875 0.740625 0.3671875 0.7408625 0.384746875
1 0.476825 0.6319281250000001 0.48870781250000006 0.6390687500000001 0.5046328124999999 0.6311890625000001 0.50678125 0.6180671875 0.5020625 0.6051265625 0.48794531250000006 0.600909375 0.4734375 0.6171875 0.476825 0.6319281250000001
1 0.44950625000000005 0.6051328125000001 0.45415625000000004 0.612659375 0.46849999999999997 0.61741875 0.4775578125 0.60650625 0.478746875 0.5907171875 0.46776718749999996 0.582325 0.45 0.5921875 0.44950625000000005 0.6051328125000001
1 0.3468390625 0.730871875 0.35075 0.7382328125 0.37449374999999996 0.7411140625 0.3768609375 0.7244875000000001 0.3760984375 0.70913125 0.3607671875 0.6997734375 0.346875 0.7109375 0.3468390625 0.730871875
1 0.349084375 0.69455 0.363159375 0.6973515625 0.369153125 0.6796265625 0.3727109375 0.6628359374999999 0.3526421875 0.6612734375 0.34375 0.6796875 0.349084375 0.69455
1 0.44664843750000005 0.2646 0.45446093750000005 0.27551875 0.4728328125 0.2803890625 0.4855890625 0.26023593749999996 0.4859859375 0.2418953125 0.469115625 0.238428125 0.453125 0.25 0.44664843750000005 0.2646
1 0.36941562499999997 0.559003125 0.3796203125 0.570671875 0.3960625 0.570671875 0.4020328125 0.5554265625 0.395721875 0.5387390625 0.38180468749999996 0.5394890625000001 0.3719671875 0.5477359374999999 0.36941562499999997 0.559003125
1 0.74036875 0.4154234375 0.7224431124999999 0.4186478109375 0.7228203125 0.43923281249999996 0.7379765625 0.44881562500000005 0.752484375 0.4390203125 0.75209375 0.4212703125 0.74036875 0.4154234375
1 0.756909375 0.5992375 0.76745 0.6068546875 0.7822875 0.60833125 0.7900703124999999 0.593590625 0.7856203125000001 0.5768921875 0.7705437500000001 0.5736687500000001 0.759375 0.5828125 0.756909375 0.5992375
1 0.43279375 0.6810906250000001 0.4484375 0.6869140625 0.46145625 0.6784234375 0.460309375 0.6647578125 0.4552125 0.65288125 0.44335312499999996 0.6523078124999999 0.4296875 0.6578125 0.43279375 0.6810906250000001
1 0.753515625 0.6852546875 0.758996875 0.694953125 0.77028125 0.7069390624999999 0.7837765625 0.6913453125 0.7800359375 0.6659546875 0.7578125 0.6703125 0.753515625 0.6852546875
1 0.6197265625 0.25628125 0.6333921874999999 0.2580015625 0.6461359375 0.2537109375 0.6378546875 0.238903125 0.628484375 0.2341125 0.6171875 0.2421875 0.6197265625 0.25628125
0 0.565625 0.48209375000000004 0.496890625 0.5810000000000001