1 0.4115497765625 0.6220496109375 0.45914039687499997 0.6230528515625 0.505988153125 0.6013858140624999 0.52985225 0.5794306109375 0.5512321 0.5544991515625 0.54099136875 0.50423581875 0.505957125 0.477557921875 0.44833908593749994 0.4809742609375 0.414135190625 0.50387849375 0.39328163437499997 0.5432552546875 0.38296796093749996 0.58484845 0.4115497765625 0.6220496109375
1 0.45231558437499997 0.265187484375 0.4185408921875 0.2993439203125 0.3877640765625 0.348450809375 0.3794793828125 0.4052427640625 0.405151375 0.4628503890625 0.447801440625 0.47852104375 0.48743750625000004 0.4814430203125 0.5275447796875 0.46903855625 0.5729851390625 0.4494973796875 0.620491390625 0.40428360625000004 0.6417377890625 0.3430716609375 0.6156602453125 0.297959565625 0.5651254328124999 0.26246221406250003 0.5110078921875 0.2519013328125 0.45231558437499997 0.265187484375
1 0.3041228234375 0.49964330312499994 0.280242134375 0.502448984375 0.2600824453125 0.5319815296875 0.2731308234375 0.5548388578125001 0.30689913281250003 0.559025103125 0.32219685 0.5310902937499999 0.31857250625 0.5102930453125001 0.3041228234375 0.49964330312499994
1 0.262636065625 0.4766948828125 0.28845943749999997 0.465315153125 0.302875384375 0.4389977671875 0.3032344640625 0.40584789218750006 0.267058184375 0.38344031093750003 0.22885577499999998 0.395002634375 0.204616578125 0.41765014999999994 0.20123109687500002 0.45100008437500005 0.2274840640625 0.478749996875 0.262636065625 0.4766948828125
1 0.3384926921875 0.3883453390625 0.3308054015625 0.3604011734375 0.3072338 0.35914635 0.2876164125 0.37060755 0.28637898906250003 0.3959577828125 0.30805815000000003 0.4058647171875 0.3273944421875 0.39952298750000004 0.3384926921875 0.3883453390625
1 0.467123228125 0.6877060765625 0.471317059375 0.6771179109375 0.46070389218749996 0.6582412359375 0.44124579375 0.6635419421875 0.4297956140625 0.678660175 0.44781038906250004 0.6918824406249999 0.467123228125 0.6877060765625
1 0.6649314625 0.5553940796875 0.6712106609374999 0.5440130703125 0.6594911906250001 0.5199026140624999 0.633425575 0.520983759375 0.6265165828125 0.5418057046875 0.6469029421875 0.55525680625 0.6479760359375 0.5608110109375 0.6649314625 0.5553940796875
1 0.6832307015625 0.428953840625 0.6716432296875 0.407897765625 0.6474883078125 0.4068370484375 0.6270042609375001 0.42979133750000004 0.6377813406249999 0.4518876265625 0.6646511828125 0.45620150312499996 0.677188259375 0.448993284375 0.6832307015625 0.428953840625
1 0.2984151734375 0.309446303125 0.2815643625 0.2847702203125 0.24776927187500003 0.2952034140625 0.22424449531250001 0.316196915625 0.2437778296875 0.34457656718749996 0.2751458578125 0.34194884999999997 0.2908240078125 0.3340378640625 0.2984151734375 0.309446303125
1 0.629944334375 0.44918562343749996 0.61588105625 0.43832655625 0.60314538125 0.44214780468750003 0.5935829874999999 0.4520617859375 0.595981171875 0.4665989234375 0.6169716609375 0.4725025984375 0.6287354640625 0.46299606875 0.629944334375 0.44918562343749996
1 0.621354153125 0.49181747031249995 0.6193439640625 0.4768390203125 0.6055651906249999 0.47348163750000005 0.590852825 0.479334384375 0.5881231546875 0.4928817546875 0.6047761328125 0.5045273625 0.6166277484375 0.49929629062499997 0.621354153125 0.49181747031249995
1 0.7795491265625001 0.5297106203124999 0.771730203125 0.507106821875 0.755748640625 0.5122678140625 0.7422807921875 0.51968488125 0.7405908234374999 0.5375667125 0.7567149515625 0.545158925 0.774647603125 0.5364525703125 0.7795491265625001 0.5297106203124999
1 0.7188067796875 0.538861290625 0.7021558234375 0.543024075 0.70954901875 0.5617467031250001 0.729997546875 0.5616667546875 0.7410174375 0.550356959375 0.7373653906250001 0.5364783078124999 0.7188067796875 0.538861290625
1 0.3182006 0.639336340625 0.3145243078125 0.6206888046875 0.2908188265625 0.6180581125 0.2741604046875 0.6257414031249999 0.278439575 0.6424242546875 0.2958501359375 0.6517237578125 0.31181166718750003 0.651144634375 0.3182006 0.639336340625
1 0.6162904421875 0.5772160359375 0.6090826609375 0.5624378953125 0.592763053125 0.5637549187500001 0.580530959375 0.5767424703125 0.5873059484375001 0.588922378125 0.5990306671875001 0.594149071875 0.6102760796875 0.591503190625 0.6162904421875 0.5772160359375
1 0.3477048171875 0.32636901093750004 0.3496737296875 0.3085458359375 0.3345099546875 0.29980028281250004 0.3187276 0.3079324625 0.3186123640625 0.32103392343750004 0.32936849375 0.3357319078125 0.3477048171875 0.32636901093750004
1 0.47879799375000004 0.2127755203125 0.4736207875 0.19879238125 0.45696024062499996 0.1982591 0.4439025359375 0.209578846875 0.447614459375 0.22454263437500002 0.460728865625 0.230572684375 0.4765724171875 0.2255885265625 0.47879799375000004 0.2127755203125
1 0.690600759375 0.4644063359375 0.6772623906249999 0.45642720625 0.665482565625 0.4634486265625 0.6570423046875 0.473236009375 0.6617257109375 0.4841465234375 0.67266390625 0.494016009375 0.6922244562500001 0.48101967187500005 0.690600759375 0.4644063359375
1 0.5675120953125 0.1663567078125 0.5475805703125001 0.1610630515625 0.526399409375 0.1755556203125 0.5400583 0.1936195734375 0.555371875 0.19093135625 0.5616859515625 0.18175332500000002 0.5675120953125 0.1663567078125
1 0.21457507812499999 0.4766199078125 0.204896165625 0.49055436406249997 0.2046980546875 0.5010764171875 0.216908040625 0.507690134375 0.22846236874999998 0.49922974687500005 0.22401795937500002 0.48619302812500004 0.21457507812499999 0.4766199078125
0 0.45546875 0.44921875 0.740625 0.7015625