1 0.440938296875 0.3613231640625 0.4155673703125 0.40159958125 0.41001126875000005 0.45291529375 0.41653963281250006 0.484678584375 0.4268986265625 0.5158453421875 0.475257078125 0.532954853125 0.5161684703125 0.5166647765625 0.5429155796875 0.4655169328125 0.540899128125 0.4244019203125 0.5178870328125 0.386246403125 0.4875466390625 0.3559837796875 0.440938296875 0.3613231640625
1 0.7258329 0.5800638640625 0.713950371875 0.5335214374999999 0.687708784375 0.4818486390625 0.643295509375 0.44549725156250003 0.5806940859374999 0.4378323234375 0.5452953046875 0.46631958124999995 0.5223765984375001 0.4987893921875 0.5123525265625 0.53955680625 0.50569906875 0.5885712468750001 0.5199873078125 0.6525788671874999 0.5615134828125 0.70231706875 0.6136130234375 0.703198696875 0.6700675453125 0.6781643953125001 0.70699258125 0.637215865625 0.7258329 0.5800638640625
1 0.601189953125 0.3322842015625 0.611084478125 0.31036942343749996 0.5961531546875001 0.2778788109375 0.5698401890625 0.2772910609375 0.5488599109375001 0.304080075 0.564925809375 0.33158026875 0.5846192046875001 0.339184975 0.601189953125 0.3322842015625
1 0.642227846875 0.3085424203125 0.6386821609375 0.33653836406250004 0.6538158015625 0.362449696875 0.6820458515625 0.3798309375 0.7198850578125 0.3603625703125 0.729649909375 0.3216616765625 0.7227213078125 0.28922029843749997 0.6958784875 0.2691418875 0.658570890625 0.27735281093749997 0.642227846875 0.3085424203125
1 0.6788891359375 0.41906761875000004 0.7068012109375 0.426870634375 0.7200170765625 0.407312109375 0.7202966109375 0.384593771875 0.699204540625 0.3704767578125 0.679547046875 0.38395697812499996 0.6750240437499999 0.403797646875 0.6788891359375 0.41906761875000004
1 0.3560372796875 0.3751433296875 0.362953125 0.384191453125 0.3845997796875 0.3848164 0.3900778484375 0.3654074875 0.383016271875 0.347806303125 0.362404284375 0.35643800937500003 0.3560372796875 0.3751433296875
1 0.3675720234375 0.612843796875 0.374093425 0.6240877734375 0.40079609375 0.626460028125 0.41329415625 0.6035606046875001 0.39900465937499996 0.5869143484375 0.3769750640625 0.5974610390625 0.371661496875 0.5955202328125 0.3675720234375 0.612843796875
1 0.4665276578125 0.69365084375 0.490544225 0.694563121875 0.5038941421875001 0.674404621875 0.494768540625 0.6450240328125 0.470277715625 0.6428813640625 0.4527410109375 0.663691503125 0.4524625890625 0.6781503828125001 0.4665276578125 0.69365084375
1 0.767160259375 0.4253504875 0.7969905984375 0.4236156453125 0.8054533640624999 0.38927410625 0.799574578125 0.358296984375 0.7651880578125 0.3604237203125 0.7512847218750001 0.38866474218749997 0.7499909171875 0.40617799843749997 0.767160259375 0.4253504875
1 0.4766301421875 0.637555371875 0.49318130312499997 0.631093625 0.4964652125 0.61820893125 0.4928922671875 0.6049062828125 0.47919635312500003 0.5994747484375 0.4633250140625 0.6144264921875 0.46541489374999995 0.6294062640625 0.4766301421875 0.637555371875
1 0.44451178750000003 0.6082351265625 0.45838614843750003 0.6142265296875 0.46836058124999996 0.6041449953125 0.470921225 0.5885196500000001 0.460714746875 0.579202453125 0.4421555953125 0.5874789109375 0.440535465625 0.6003319296875 0.44451178750000003 0.6082351265625
1 0.3305545828125 0.7243182703125 0.35395686406250004 0.7292579609375001 0.35776414375 0.71290098125 0.35834293125 0.697536709375 0.3438856078125 0.6868782999999999 0.329073271875 0.6967890953125 0.3273000765625 0.7166444828125 0.3305545828125 0.7243182703125
1 0.35399555 0.667538971875 0.3590032234375 0.651122325 0.339147021875 0.6478166640625 0.32868378125 0.6653856499999999 0.33270250468749996 0.680656515625 0.34647977343749997 0.684674134375 0.35399555 0.667538971875
1 0.4741990578125 0.272403978125 0.492076546875 0.27885697187499997 0.506540715625 0.25989231562500004 0.5085345703125 0.2416560734375 0.492030640625 0.236731734375 0.475092309375 0.24686590000000003 0.46736791875000006 0.2608458734375 0.4741990578125 0.272403978125
1 0.373918934375 0.559911165625 0.390298553125 0.561344196875 0.3975748640625 0.5466772453125001 0.392742353125 0.5295032109375 0.3788127578125 0.52903739375 0.36829392968749997 0.53639549375 0.3647700765625 0.547397421875 0.373918934375 0.559911165625
1 0.7272686234375 0.4588841203125 0.7415320015625 0.46975142031250006 0.756838325 0.46125782187500003 0.7579962015625 0.4435413203125 0.7468254078125 0.43669479375 0.7286869593749999 0.438344575 0.7272686234375 0.4588841203125
1 0.7571192718749999 0.6297578765625 0.7717716203125 0.63252199375 0.780809546875 0.618515778125 0.7778318453125 0.6014930406250001 0.7630935953125 0.5969678593750001 0.7511704156250001 0.60510339375 0.7472826390625 0.6212509984375 0.7571192718749999 0.6297578765625
1 0.4323430765625 0.6817088296875 0.44605229375000005 0.6743851734375 0.4461008203125 0.66067159375 0.4420584515625 0.648396003125 0.43029418281250004 0.646791134375 0.41620079531250004 0.6510838375 0.4172664015625 0.674544109375 0.4323430765625 0.6817088296875
1 0.7512168203125 0.729708159375 0.7660198640625 0.7153499421875 0.7645064125000001 0.6897299203125 0.7419877328125 0.69213425 0.7364049109375 0.7066450796875 0.7410200296875 0.716784334375 0.7512168203125 0.729708159375
1 0.6670453515625 0.267384728125 0.6600862015625 0.2519115046875 0.651169075 0.2463224328125 0.6392114062500001 0.25338211875 0.6405124546875001 0.26764353125 0.65397614375 0.27054833437500003 0.6670453515625 0.267384728125
0 0.5671875 0.4875 0.5453125 0.621875