0 0.5 0.49765625 1 0.7859375
1 0.209307228125 0.6710767171875001 0.1949137328125 0.69488329375 0.2000550953125 0.736756334375 0.21822952031249998 0.7565640734375 0.2540620828125 0.7663324953124999 0.3159057953125 0.7571648078125001 0.36654018125 0.7336311109375 0.3878987734375 0.7152662656250001 0.419080759375 0.6358743609374999 0.412796871875 0.5846962 0.3814264484375 0.5728056625 0.3333499953125 0.5787087093750001 0.3018696265625 0.6172071625 0.27041674375 0.64310836875 0.209307228125 0.6710767171875001
1 0.214450575 0.6232181703124999 0.234203340625 0.630238240625 0.26056784843749997 0.6270010859374999 0.310277615625 0.5831158750000001 0.3149576625 0.569947365625 0.31210134843750004 0.546684565625 0.302823715625 0.5352298421875 0.281520096875 0.52840019375 0.261359003125 0.5308756640625 0.24136084375000003 0.5474992359375 0.20906381875000002 0.604988771875 0.214450575 0.6232181703124999
1 0.27150826562499997 0.498144809375 0.3362082921875 0.512239921875 0.386815190625 0.501303475 0.4479247078125 0.473335125 0.4440888046875 0.45491530625000004 0.3920684859375 0.4030559359375 0.3359118953125 0.381614884375 0.3095473890625 0.3848520390625 0.2879983765625 0.4016660328125 0.270884015625 0.4289551578125 0.263836459375 0.46130517031249996 0.27150826562499997 0.498144809375
1 0.5048724531250001 0.39865075625 0.51265420625 0.385101403125 0.48909302343750005 0.347064265625 0.45930094062500004 0.3223860609375 0.4432211453125 0.31963770937499997 0.4096736328125 0.32847952812500003 0.38654628125 0.3580811890625 0.39579642812500004 0.38213315937500003 0.441858728125 0.41111057031250003 0.5048724531250001 0.39865075625
1 0.5214705234375 0.34151457500000004 0.52280346875 0.35237054843750004 0.5527584859375 0.39119685625 0.5862235375 0.42014677968749997 0.63367375625 0.43478566875 0.6924157625 0.4259988234375 0.72560991875 0.40145805 0.737690878125 0.37163848125 0.7305903328125 0.339451403125 0.716878046875 0.31752154843749997 0.6984857140625 0.3087602046875 0.60856370625 0.307207365625 0.57444493125 0.31139662343749996 0.5323539828125 0.32758438125 0.5214705234375 0.34151457500000004
1 0.6197376078125 0.693096971875 0.6369324421875 0.7177476921875 0.659977334375 0.7259377734375 0.69080398125 0.7205785031249999 0.7416562734375 0.6859984125 0.7504451046875 0.65500883125 0.7460654250000001 0.6193392046875 0.7302310234375 0.5929472109375 0.69347384375 0.562827275 0.6360922687499999 0.569872846875 0.6108428 0.59501236875 0.6197376078125 0.693096971875
1 0.7832309328125 0.6399636 0.8099487953125 0.6524254 0.8518218359375 0.6472840375 0.8747312812500001 0.6287287703125 0.877670053125 0.6141998265625 0.86784864375 0.585495296875 0.8279622703125 0.56835345 0.7973260453125001 0.5752635734375 0.7699544609375 0.59594095625 0.76508399375 0.6075586140625 0.7687294765625 0.6244275796875 0.7832309328125 0.6399636
1 0.6973667046875 0.4663210109375 0.7120585828125 0.48340788437500004 0.7285192203124999 0.48925794375000003 0.7827990875 0.48259321406250005 0.82567920625 0.460011621875 0.8313663296874999 0.42940288281249994 0.8236670359374999 0.40516049218749994 0.7990712906249999 0.39716083125 0.78046105 0.39944588125 0.7395401125000001 0.41234151093750004 0.717610259375 0.42605379687499995 0.6958433390625001 0.45391418437500003 0.6973667046875 0.4663210109375
1 0.754337965625 0.55850256875 0.779342040625 0.5570066875 0.808835740625 0.54079144375 0.8175970859374999 0.5223991109375 0.8106594749999999 0.5043601328125 0.7812207484375 0.49538088125 0.727321721875 0.50514731875 0.717009525 0.523730071875 0.7183424703125 0.5345860453125 0.7328439265625 0.550122065625 0.754337965625 0.55850256875
1 0.700929728125 0.5209817203125 0.7000051109375 0.50063020625 0.6945908671875001 0.4949980546875 0.66920595 0.493392228125 0.6521190765625 0.50808410625 0.6540232859375 0.5235926390625 0.6679534796875 0.5344761 0.686754140625 0.5337419031249999 0.700929728125 0.5209817203125
1 0.599878865625 0.5570027171875 0.6194961828125 0.5372774390624999 0.6189524078125 0.52002763125 0.6044509515625001 0.5044916109375001 0.5664687875000001 0.5028582984375001 0.5478310609375 0.5177405953124999 0.5445114453125 0.52916783125 0.5518298984375 0.5503085171875 0.5799081921875 0.5610290421874999 0.599878865625 0.5570027171875
1 0.5461133015625 0.683246090625 0.5796608140624999 0.6744042718750001 0.5950064125 0.6583519625 0.5935105328125 0.6333478875 0.5667926703124999 0.6208860875 0.5231783562500001 0.6246670187500001 0.507424428125 0.65021486875 0.5095190578125 0.66727425625 0.5269318000000001 0.68087858125 0.5461133015625 0.683246090625
1 0.5946020546875 0.488384328125 0.6124506125 0.4798958640625 0.617919828125 0.46033352031249997 0.61098221875 0.44229454218750003 0.579421375 0.42885315156250003 0.55926028125 0.431328621875 0.5462547046874999 0.4407966765625 0.5370850328125 0.46868455000000003 0.5618437140625 0.4908323125 0.5946020546875 0.488384328125
1 0.5105301046874999 0.4703708515625 0.5266373875 0.46052195625000003 0.5278348859374999 0.4446325796875 0.5185572515625 0.4331778578125 0.48832935468749994 0.430592440625 0.4710520609375 0.4437334640625 0.4696641421875 0.4580719859375 0.477390921875 0.4697171296875 0.49036901093749996 0.4728463234375 0.5105301046874999 0.4703708515625
1 0.48628572812500004 0.5678017328125 0.5163506921875001 0.5562390500000001 0.5299550171875 0.5388263078125 0.5275070328125 0.506067965625 0.4831585203125 0.491048234375 0.44147590000000003 0.4977404515625 0.423790278125 0.520377015625 0.41655230000000004 0.5511761765625 0.4409301390625 0.57022223125 0.48628572812500004 0.5678017328125
1 0.5127307109375 0.6165044234375 0.5164586531250001 0.5955816453125 0.50718101875 0.5841269234375 0.4709401296875 0.5838540421875 0.4486294328125 0.594464621875 0.450315734375 0.62101955 0.47219061562500003 0.632501759375 0.488079990625 0.6336992578125 0.5127307109375 0.6165044234375
1 0.23156890625 0.41646587031250004 0.20640189687500002 0.40381365 0.1713035328125 0.41284588906249997 0.163303871875 0.4374416359375 0.18730086875000002 0.453385984375 0.20591110937499998 0.451100934375 0.2293918171875 0.4371982265625 0.23156890625 0.41646587031250004
1 0.221639534375 0.34841874375000004 0.21559905625 0.363328528125 0.23029093281250002 0.3804154015625 0.268681425 0.3725531734375 0.275511075 0.35124955468749997 0.2505344859375 0.3401481875 0.221639534375 0.34841874375000004
1 0.46732808906249995 0.285193065625 0.466701853125 0.3057350015625 0.4787003515625 0.313707175 0.5093365765625 0.3067970515625 0.5118945078125 0.28916640312499997 0.49486260781249997 0.278663784375 0.46732808906249995 0.285193065625
1 0.7001465140625001 0.2581807921875 0.68852885625 0.253310325 0.663715203125 0.2563570578125 0.6561238703125001 0.27145726406250004 0.6684757234375 0.2951283921875 0.700662803125 0.28802784843749996 0.7065128609375 0.271567209375 0.7001465140625001 0.2581807921875
1 0.8168118859375 0.3493297703125 0.8067725687499999 0.331671634375 0.7887610781250001 0.32601199687500004 0.7583152734375 0.3344729734375 0.75170353125 0.3447301984375 0.7534173187500001 0.35868787812499997 0.7723809140625 0.3721017828125 0.8105809859375 0.3626887015625 0.8168118859375 0.3493297703125
1 0.465604375 0.7198933234375 0.47997038437499995 0.7086839953124999 0.480787040625 0.6896929125 0.46530599375000004 0.6789998734375 0.441852771875 0.6803053328125 0.42767718437499996 0.6930655156250001 0.42784011875 0.707213615625 0.4417703125 0.7180970765625 0.456108834375 0.7194849953125 0.465604375 0.7198933234375
1 0.8310070187499999 0.682898690625 0.8095129796875 0.6745181890625 0.787202284375 0.6851287687500001 0.7842635109375 0.6996577109375 0.798384125 0.712092025 0.826109065625 0.7071135953125001 0.8315507953125 0.7001484984374999 0.8310070187499999 0.682898690625
1 0.31681285312499996 0.34145563125 0.313683659375 0.354433721875 0.3256821578125 0.3624058953125 0.3458432515625 0.359930425 0.35131246875 0.3403680796875 0.33950439062500004 0.33394675937499996 0.31681285312499996 0.34145563125
1 0.3320230046875 0.2986579734375 0.31322234375 0.2993921703125 0.30467890625 0.306738109375 0.29787674375 0.3154444796875 0.302882659375 0.330572171875 0.3350697375 0.3234716265625 0.33877019375 0.31514609843749997 0.3320230046875 0.2986579734375
1 0.5376543109374999 0.5630686984375 0.5294917156250001 0.5735163437499999 0.539150190625 0.5880727734375 0.5606717171875 0.583856028125 0.5647805015625 0.5660349578125 0.5498707171875 0.5599944781249999 0.5376543109374999 0.5630686984375
1 0.2012310625 0.46426944375 0.199652721875 0.4770571125 0.20680824062499997 0.484049696875 0.23162189375 0.4810029625 0.23532234999999999 0.47267743281249996 0.2306972765625 0.46065144843750006 0.2012310625 0.46426944375