0 0.5015625 0.5 0.846875 1
1 0.3090623140625 0.22194904843750002 0.284309690625 0.209251278125 0.24289729375000002 0.21730103281250002 0.2244055890625 0.2368129046875 0.217160515625 0.273239590625 0.23061987031250003 0.33429315000000004 0.257628315625 0.3831625640625 0.2774383265625 0.40318806093750004 0.35881198125 0.428755990625 0.4094271328125 0.4189174015625 0.419100415625 0.3867939546875 0.4098581046875 0.33924638749999997 0.369257471875 0.3105282203125 0.34122531718750004 0.2809587328125 0.3090623140625 0.22194904843750002
1 0.3571630625 0.223741425 0.351537975 0.24393576874999998 0.3566063390625 0.270010240625 0.40385222656249997 0.316537640625 0.41731512187500003 0.320287696875 0.440322009375 0.3158156109375 0.451101653125 0.3057615359375 0.4564286 0.2840334 0.45255279374999996 0.2640940984375 0.4345747140625 0.2453042546875 0.37497229375 0.2170961703125 0.3571630625 0.223741425
1 0.48591189375 0.2719354484375 0.4763643609375 0.3374610953125 0.490804328125 0.3871818296875 0.5229673312500001 0.4461915125 0.5410747015624999 0.44108005156249996 0.589178990625 0.385568925 0.6066505281250001 0.328053478125 0.6015821640625 0.30197900624999996 0.5833059453125 0.2816553703125 0.5548894578125 0.26648629375 0.5221266359375 0.2617125265625 0.48591189375 0.2719354484375
1 0.6014422484375 0.49779081718749996 0.615501421875 0.504608459375 0.6518023578125 0.478451334375 0.6743422578125 0.447010359375 0.6759622453125 0.43077801875 0.6648018078125 0.39792900000000003 0.633658971875 0.37692289218749997 0.6103108484375 0.3878282875 0.58461716875 0.43579974374999997 0.6014422484375 0.49779081718749996
1 0.6595970703125 0.5103628375 0.6488605234375 0.5124498109375 0.6122183515625 0.5450402453125001 0.5856733515625 0.580443221875 0.57438008125 0.6287990125 0.5872431578125 0.6867849875 0.614039659375 0.71818640625 0.6446293140625 0.728157828125 0.676242678125 0.7188293234375001 0.697162590625 0.7036206890625001 0.704619609375 0.6846619984375 0.6998960234375 0.594850715625 0.6933369640625 0.56110728125 0.674252521875 0.5202480656249999 0.6595970703125 0.5103628375
1 0.3157258765625 0.6329156968749999 0.2923346546875 0.6517881921875001 0.2857720546875 0.6753482609375 0.293268628125 0.7057259703125001 0.331311759375 0.7540422046875 0.3628389296875 0.7606479015625001 0.39811615625 0.7537907046875 0.4233393078125 0.7361538609375 0.450821821875 0.697385159375 0.43979067812499995 0.6406348390625001 0.41295107968749994 0.6172005203125 0.3157258765625 0.6329156968749999
1 0.3801345359375 0.7923043625 0.3695668359375 0.8198264328124999 0.377616590625 0.8612388296875 0.397724740625 0.88279811875 0.4124232890625 0.8847162453124999 0.440372790625 0.8729164328125 0.45469054687500005 0.8319314671875 0.44566018124999995 0.8018518953125 0.423123821875 0.77598936875 0.41119471875 0.771941171875 0.39462114062500003 0.77675449375 0.3801345359375 0.7923043625
1 0.5473645546875 0.694536603125 0.5313441562500001 0.7103846109374999 0.526656584375 0.72721323125 0.5370914515625 0.7808959671875 0.5626092015624999 0.8220964203125 0.5935400921875 0.8256345328125001 0.6171863546874999 0.8162629296875 0.6234508171875001 0.7911690703125001 0.6198731484375 0.772763559375 0.60415443125 0.7328418578125 0.5889457984375001 0.7119219453125 0.55963489375 0.6921514906249999 0.5473645546875 0.694536603125
1 0.4593816609375 0.7577993453125 0.46261809375 0.7826381625 0.4808512140625 0.8109289000000001 0.4998099046875 0.81838591875 0.517320996875 0.810206871875 0.524224834375 0.7802134953125 0.51072238125 0.7271270359375 0.491465553125 0.7181362265625 0.4807290046875 0.7202232000000001 0.46624239999999995 0.73577306875 0.4593816609375 0.7577993453125
1 0.4930855390625 0.701903884375 0.5133229796875 0.69956186875 0.5185637328125 0.6937679359375 0.5183948859374999 0.6683328390625001 0.5025468765625 0.6523124421875 0.487208953125 0.6552938312500001 0.47732372500000003 0.669949284375 0.47936760156249997 0.6886529328125001 0.4930855390625 0.701903884375
1 0.45010333593749996 0.603611875 0.47114900000000004 0.6218054390625001 0.48831885625 0.6200597015625 0.5028054609375 0.6045098328125 0.50178529375 0.5665062578125 0.4856391453125 0.5489520671875 0.47400818125 0.5464376640624999 0.453429503125 0.5552129875 0.4446937359375 0.5839707109375001 0.45010333593749996 0.603611875
1 0.3204169890625 0.5587835734375 0.331577425 0.591632590625 0.3486610875 0.60582105625 0.37349990625 0.602584625 0.38406760625 0.5750625546875 0.37725350468749996 0.5318182265625 0.35066894843749996 0.5178848015625 0.33379723125 0.52116433125 0.3214406984375 0.5394836468750001 0.3204169890625 0.5587835734375
1 0.5181864828125 0.593561340625 0.5278993203125 0.61077429375 0.5477955265625 0.6148655875 0.56530661875 0.6066865421875 0.5765136937500001 0.5742649546874999 0.5726378859375 0.554325653125 0.562285671875 0.542012215625 0.5338260874999999 0.5348102406249999 0.5134593546875 0.561053559375 0.5181864828125 0.593561340625
1 0.530291515625 0.5084376296875 0.5412400078124999 0.5238186515625001 0.5571742109375 0.5239048453125 0.5679538546875 0.5138507703124999 0.5684243828125 0.48351615781249996 0.5541101671875001 0.467197621875 0.53970975625 0.46681328750000006 0.5286319734375 0.4753335703125 0.5264157078125 0.48849832656250003 0.530291515625 0.5084376296875
1 0.43140676874999995 0.4910487453125 0.44503851250000004 0.5202339 0.46335782812500004 0.5325904343750001 0.495865609375 0.52786330625 0.50775515625 0.48257510156250005 0.49817160937500005 0.44146084375 0.4743565 0.42539735 0.44312746875000003 0.42032544375 0.42582832187499997 0.4459724859375 0.43140676874999995 0.4910487453125
1 0.384667425 0.5208266359375 0.405799284375 0.5230859984375 0.416578928125 0.5130319234375 0.4143231078125 0.4768602796875 0.402182059375 0.4553440875 0.37580944843749997 0.458878659375 0.3658811234375 0.4815012125 0.3657949296875 0.49743541562500004 0.384667425 0.5208266359375
1 0.5646058375 0.22639574375 0.5754716765625 0.20040746718750002 0.5640131015625001 0.16602465625 0.5389192406250001 0.15976019531250002 0.5246876781250001 0.1848109578125 0.528265346875 0.20321646875 0.54377211875 0.225670175 0.5646058375 0.22639574375
1 0.6317945671875 0.2117438328125 0.616499740625 0.206758121875 0.60047934375 0.22260613125 0.6110004046874999 0.26035466406249996 0.632728540625 0.2656816109375 0.6420605875 0.2399914734375 0.6317945671875 0.2117438328125
1 0.7120045984375001 0.4524235015625 0.6914690171875 0.4532317234375 0.6843532359375 0.46575710625 0.6933836015625 0.49583667656249997 0.7111497359375 0.497158525 0.7204386859375 0.4794354875 0.7120045984375001 0.4524235015625
1 0.7551916640624999 0.6827905109375 0.7592398593749999 0.6708614078124999 0.754469634375 0.646320728125 0.73887666875 0.639801225 0.7161248234375 0.6537742046874999 0.725453328125 0.6853875687500001 0.7422819484375001 0.6900751406250001 0.7551916640624999 0.6827905109375
1 0.6724028843750001 0.8055299234375 0.6893176984375 0.7942832937500001 0.6937071312499999 0.77592088125 0.6831429734375 0.7461394484375 0.6724495234375001 0.7402593203125 0.658645390625 0.742942571875 0.6465869953125 0.7627956796875 0.65864185 0.8002460734374999 0.6724028843750001 0.8055299234375
1 0.2782430078125 0.48102714375 0.290427153125 0.49457623437500003 0.30942894062500004 0.49406615 0.3190160296875 0.47787690625 0.3160777359375 0.45457187968749996 0.3023597984375 0.441320928125 0.2882575265625 0.44247038749999995 0.2783723 0.45712583906250004 0.277987965625 0.47152625 0.2782430078125 0.48102714375
1 0.3406367234375 0.8429590703125 0.3474974625 0.8209327953125 0.335356415625 0.799416603125 0.320657865625 0.797498478125 0.3092388453125 0.8124520687500001 0.316139140625 0.83976219375 0.3234668671875 0.8447048078125 0.3406367234375 0.8429590703125
1 0.6453796734374999 0.306199590625 0.632214915625 0.3039833265625 0.625099134375 0.3165087078125 0.6289749421875 0.3364480109375 0.648871146875 0.340539303125 0.6544531359375 0.3283120609375 0.6453796734374999 0.306199590625
1 0.689134084375 0.318387278125 0.687090209375 0.2996836296875 0.6791662046875 0.29167343125 0.670006546875 0.2854951640625 0.6552648999999999 0.2915441390625 0.6645934046875001 0.32315750312499997 0.6731567843749999 0.326268184375 0.689134084375 0.318387278125
1 0.43971156562499997 0.5419620359375 0.4287199765625 0.534548115625 0.414872746875 0.54519846875 0.4205804859375 0.566373425 0.43864475937499997 0.5692290640625 0.44363047031249997 0.5539342375 0.43971156562499997 0.5419620359375
1 0.51480245 0.1994664109375 0.5019358328125 0.1987839390625 0.4954594265625 0.20640980312499999 0.5002296515625 0.23095048281250002 0.50879303125 0.234061165625 0.5204670921875 0.2286084671875 0.51480245 0.1994664109375