1 0.3594507140625 0.2359942734375 0.25455433437499997 0.23184007499999998 0.2267191203125 0.2406293640625 0.2119215953125 0.264597890625 0.21735480625 0.3754132796875 0.23121045312500002 0.414015740625 0.24704405624999998 0.41971662812500005 0.3657217171875 0.41557231406249995 0.3840785828125 0.40398711093750006 0.3912319578125 0.3849758796875 0.3849659296875 0.339854575 0.3936064875 0.2738878390625 0.3770094578125 0.2463252765625 0.3594507140625 0.2359942734375
1 0.31836963906250004 0.49227160000000003 0.32145803906250003 0.53594041875 0.34898590625 0.5631212671875 0.39733936875000003 0.5598692749999999 0.42597270624999994 0.5291637812500001 0.4243367921875 0.4823173359375 0.411244571875 0.46557655000000003 0.3873851046875 0.453902121875 0.3468939140625 0.458443009375 0.3331671625 0.46830307343750005 0.31836963906250004 0.49227160000000003
1 0.225375759375 0.73941759375 0.22356139531250002 0.7770038109375 0.23848781562500002 0.8014978078125001 0.25906059375 0.808596653125 0.2808677375 0.806271678125 0.3111716828125 0.7786347499999999 0.3084649953125 0.74589676875 0.29052453906250003 0.7246349296875 0.27781403125000004 0.7188249812499999 0.24195295468750003 0.7216407296875 0.225375759375 0.73941759375
1 0.752103290625 0.600638028125 0.678655996875 0.6016394109375 0.6286864546875 0.6033843859375 0.6147961125 0.6085598046875 0.6058630671875 0.6213793734374999 0.6086094265625 0.744796209375 0.6205763421875 0.7740839109375 0.699308115625 0.7900959656250001 0.7367307421875 0.7872256859375 0.7798542546875 0.768521803125 0.7971205109375 0.7257056375000001 0.795102884375 0.6679283546875 0.7895457515625 0.6431071765625 0.772948721875 0.6155446140625 0.752103290625 0.600638028125
1 0.700968775 0.5242510640625 0.71088336875 0.5395393625 0.7268260328125 0.548363346875 0.7689333031250001 0.5453294765625001 0.7900315499999999 0.522704375 0.788559228125 0.480542575 0.759687934375 0.45966245 0.7268408921875 0.45924604062499996 0.6996055125 0.485212359375 0.700968775 0.5242510640625
1 0.6920654484375001 0.35883601875000004 0.691703571875 0.393244609375 0.7035614265625 0.419409215625 0.7288733796875 0.4279060171875 0.7569267156249999 0.42536292031249995 0.7827641390625 0.40413577656250005 0.7844149125000001 0.3618649140625 0.7760618671875 0.3465220859375 0.756777984375 0.33156096874999996 0.7208623765625 0.3328151703125 0.6920654484375001 0.35883601875000004
1 0.455146371875 0.379617034375 0.46566080000000004 0.4120823640625 0.4925343015625 0.420524634375 0.5216584125 0.403873075 0.52886631875 0.3864233921875 0.51996796875 0.35546508125 0.497833640625 0.34842076718750004 0.47441041874999995 0.3492387234375 0.45906758906249995 0.35759176875 0.455146371875 0.379617034375
1 0.588319184375 0.5219310640625 0.6076030671875 0.53689218125 0.634312978125 0.5406498078124999 0.6450802234374999 0.5355834500000001 0.65546575625 0.5195862546875001 0.6544842078124999 0.49147838750000006 0.6412829265625 0.4716145046875 0.60536731875 0.47286870625 0.5873376359375 0.4938231984375 0.588319184375 0.5219310640625
1 0.46775776875 0.6512173546875 0.488821321875 0.6723701328125 0.52317538125 0.6711704640625 0.542493959375 0.6423536999999999 0.5416760015625 0.618930478125 0.5333774859375 0.605149196875 0.5079019421875001 0.59196775 0.48313529375 0.59908643125 0.4667216890625 0.621547940625 0.46775776875 0.6512173546875
1 0.243816875 0.5511593265625 0.2718702109375 0.54861623125 0.28704945 0.535578540625 0.2890819359375 0.504238515625 0.272757559375 0.4844836953125 0.23684195156249999 0.4857378953125 0.21886679999999997 0.5082539359375 0.22140989531250002 0.5363072718749999 0.243816875 0.5511593265625
1 0.5957005671875 0.28559198750000003 0.61917831875 0.286335578125 0.6359736359375 0.27480490625 0.634773965625 0.2404508453125 0.6171606921875 0.2285582953125 0.5969696265625 0.2323902875 0.585022546875 0.24844201406250002 0.584006303125 0.26411202500000003 0.5957005671875 0.28559198750000003
1 0.5914918359375 0.38892681875 0.59839239375 0.407447275 0.6188561124999999 0.41142302343750004 0.6419521515625 0.4012357765625 0.6441482296875 0.374580396875 0.6359042453125 0.3623606640625 0.6153314671875 0.35526181874999996 0.598318028125 0.36054629843749997 0.5923444890625 0.3685721609375 0.5914918359375 0.38892681875
1 0.3752496890625 0.7779605484375 0.394042796875 0.77886773125 0.406208 0.7690621984375 0.40867673125000004 0.750214559375 0.398925728125 0.73961090625 0.37695499374999997 0.7372512359375001 0.3662968078125 0.745440690625 0.3637190171875 0.7611652328125 0.3752496890625 0.7779605484375
1 0.50809034375 0.77644855625 0.5281178171875001 0.76793191875 0.525520190625 0.738317034375 0.5112481359375 0.732561615625 0.48971364375000004 0.74269433125 0.48729944375 0.76310351875 0.492202209375 0.7691861203125 0.50809034375 0.77644855625
1 0.118243565625 0.1787524125 0.13531153437500001 0.17502948125 0.1456970671875 0.15903228593750002 0.140576178125 0.1467034921875 0.1090725625 0.1399863609375 0.1015374734375 0.148066753125 0.1039169796875 0.1714354453125 0.118243565625 0.1787524125
1 0.71037766875 0.122115228125 0.711413746875 0.15178464375 0.7395216140625 0.1508030953125 0.7417722234374999 0.1257092640625 0.7289526546875 0.11677621875 0.71037766875 0.122115228125
0 0.49375 0.50390625 0.825 0.83125