1 0.234375 0.4046875 0.25 0.4109375 0.36875 0.4109375 0.3875 0.4 0.3953125 0.38125 0.390625 0.3359375 0.4015625 0.2703125 0.3859375 0.2421875 0.36875 0.23125 0.2640625 0.2234375 0.2359375 0.23125 0.2203125 0.2546875 0.221875 0.365625 0.234375 0.4046875
1 0.346875 0.5578125 0.3953125 0.55625 0.425 0.5265625 0.425 0.4796875 0.4125 0.4625 0.3890625 0.45 0.3484375 0.453125 0.334375 0.4625 0.31875 0.4859375 0.3203125 0.5296875 0.346875 0.5578125
1 0.228125 0.7921875 0.2484375 0.8 0.2703125 0.7984375 0.3015625 0.771875 0.3 0.7390625 0.2828125 0.7171875 0.2703125 0.7109375 0.234375 0.7125 0.2171875 0.7296875 0.2140625 0.7671875 0.228125 0.7921875
1 0.6109375 0.778125 0.6890625 0.796875 0.7265625 0.7953125 0.7703125 0.778125 0.7890625 0.7359375 0.7890625 0.678125 0.784375 0.653125 0.76875 0.625 0.7484375 0.609375 0.675 0.6078125 0.625 0.6078125 0.6109375 0.6125 0.6015625 0.625 0.6 0.7484375 0.6109375 0.778125
1 0.709375 0.546875 0.725 0.55625 0.7671875 0.5546875 0.7890625 0.5328125 0.7890625 0.490625 0.7609375 0.46875 0.728125 0.4671875 0.7 0.4921875 0.7 0.53125 0.709375 0.546875
1 0.70625 0.4265625 0.73125 0.4359375 0.759375 0.434375 0.7859375 0.4140625 0.7890625 0.371875 0.78125 0.35625 0.7625 0.340625 0.7265625 0.340625 0.696875 0.365625 0.6953125 0.4 0.70625 0.4265625
1 0.46875 0.4109375 0.4953125 0.4203125 0.525 0.4046875 0.5328125 0.3875 0.525 0.35625 0.503125 0.3484375 0.4796875 0.3484375 0.4640625 0.35625 0.459375 0.378125 0.46875 0.4109375
1 0.60625 0.540625 0.6328125 0.5453125 0.64375 0.540625 0.6546875 0.525 0.6546875 0.496875 0.6421875 0.4765625 0.60625 0.4765625 0.5875 0.496875 0.5875 0.525 0.60625 0.540625
1 0.4828125 0.671875 0.5171875 0.671875 0.5375 0.64375 0.5375 0.6203125 0.5296875 0.60625 0.5046875 0.5921875 0.4796875 0.5984375 0.4625 0.6203125 0.4625 0.65 0.4828125 0.671875
1 0.2421875 0.5421875 0.2703125 0.540625 0.2859375 0.528125 0.2890625 0.496875 0.2734375 0.4765625 0.2375 0.4765625 0.21875 0.4984375 0.2203125 0.5265625 0.2421875 0.5421875
1 0.603125 0.2890625 0.6265625 0.290625 0.64375 0.2796875 0.64375 0.2453125 0.6265625 0.2328125 0.60625 0.2359375 0.59375 0.2515625 0.5921875 0.2671875 0.603125 0.2890625
1 0.6015625 0.4109375 0.621875 0.415625 0.6453125 0.40625 0.6484375 0.3796875 0.640625 0.3671875 0.6203125 0.359375 0.603125 0.3640625 0.596875 0.371875 0.5953125 0.3921875 0.6015625 0.4109375
1 0.365625 0.7734375 0.384375 0.775 0.396875 0.765625 0.4 0.746875 0.390625 0.7359375 0.36875 0.7328125 0.3578125 0.740625 0.3546875 0.75625 0.365625 0.7734375
1 0.4828125 0.76875 0.4984375 0.7765625 0.51875 0.76875 0.5171875 0.7390625 0.503125 0.7328125 0.48125 0.7421875 0.478125 0.7625 0.4828125 0.76875
1 0.115625 0.1578125 0.1296875 0.165625 0.146875 0.1625 0.1578125 0.146875 0.153125 0.134375 0.121875 0.1265625 0.1140625 0.134375 0.115625 0.1578125
1 0.7515625 0.159375 0.7546875 0.134375 0.7421875 0.125 0.7234375 0.1296875 0.7234375 0.159375 0.7515625 0.159375
0 0.494140625 0.5038437499999999 0.7971406250000002 0.804890625