1 0.36902767812500004 0.7688854328125 0.4273234046875 0.8561901640625 0.45079521875 0.8735431109375 0.47888393125000006 0.8714262140625 0.565341903125 0.8018950015625 0.5884278046875 0.767995590625 0.5837331609375 0.7518350390624999 0.5106233609374999 0.6582587609375 0.49046084062500006 0.6502173578125 0.470875784375 0.6556046765625 0.43805495937499994 0.6871956375 0.37960795625 0.718979553125 0.3670648640625 0.7486077 0.36902767812500004 0.7688854328125
1 0.600507240625 0.6514846890625 0.634020740625 0.6233182328125 0.639830034375 0.5850712171875 0.608777665625 0.5478639171874999 0.5671061468749999 0.5427472984375 0.5301681421875 0.5716064296875001 0.5243199765625 0.592038246875 0.5288994078125 0.6182030171874999 0.5563731875 0.6482920109375 0.5724185281249999 0.6536015859375001 0.600507240625 0.6514846890625
1 0.8551129812499999 0.581449546875 0.8865873265624999 0.560824775 0.89762985625 0.5343518359375 0.891280565625 0.5135355125000001 0.8765817046875 0.4972597484375 0.8364107468749999 0.4889879203125 0.811516115625 0.5104205796875 0.8048600625000001 0.537432109375 0.8076307640625 0.551130128125 0.8309873640625 0.5784872921875001 0.8551129812499999 0.581449546875
1 0.433235278125 0.23689060468749998 0.4772166515625 0.295722115625 0.507999725 0.335122653125 0.520351265625 0.343318140625 0.535973225 0.3430099734375 0.6342052734375 0.2682455265625 0.6508655453125 0.24134920937499998 0.6175421953125 0.16824221718750001 0.5932236234375 0.139653784375 0.5527444984375001 0.1157599953125 0.5079566421874999 0.1269580125 0.4623997703125 0.162550940625 0.4455854140625 0.181636278125 0.4330423234375 0.21126442499999998 0.433235278125 0.23689060468749998
1 0.401493040625 0.323158428125 0.40803388281249997 0.3061511171875 0.4058017734375 0.288066621875 0.3785972875 0.2557843890625 0.34789195781250004 0.25201425 0.3146477546875 0.2779874671875 0.3147254984375 0.313617865625 0.33369562343750003 0.3404364390625 0.3707113703125 0.3472077046875 0.401493040625 0.323158428125
1 0.27290270156249996 0.42758989375 0.3009525421875 0.407657796875 0.31515028125 0.382685421875 0.30714634531249996 0.35721332656250004 0.2885995984375 0.3360124953125 0.2562396234375 0.3275865828125 0.2210714765625 0.35109726874999997 0.2135686640625 0.3668733125 0.21279964843750002 0.391268225 0.23492498281250002 0.4195873609375 0.27290270156249996 0.42758989375
1 0.42897243749999997 0.6070466796875 0.4490572140625 0.5794576859375 0.44009130625 0.552754325 0.4095011875 0.5389799656250001 0.3911473984375 0.5434053125 0.37133191718749997 0.56880106875 0.37864317812500004 0.590848659375 0.39307274375 0.6093176609375 0.4088487890625 0.6168204734375 0.42897243749999997 0.6070466796875
1 0.4658298890625 0.41565752187499994 0.4665989046875 0.391262609375 0.45393919687500006 0.3674451609375 0.4435116 0.36171220625 0.424465134375 0.36271305 0.40230233125000003 0.380028528125 0.39399163125 0.4023842875 0.416116965625 0.4307034234375 0.4436670875 0.43297300156249996 0.4658298890625 0.41565752187499994
1 0.64128891875 0.43720118125 0.6460210296875 0.40772711875 0.6248576671875 0.38063924843749997 0.590189240625 0.381948259375 0.5717202390625 0.39637782499999996 0.5654486921874999 0.41119189843750004 0.569758828125 0.4395499078125 0.5900754328125 0.4554022921875 0.6178948484375 0.45547863125 0.64128891875 0.43720118125
1 0.691969428125 0.6771858046875 0.67342268125 0.6559849718749999 0.6539528375 0.6513680734375 0.627403559375 0.6681449609375 0.6210168015625 0.6929632515625 0.6431421359375 0.7212823890625 0.6719235234375 0.7225899953125 0.6931243546875 0.70404325 0.691969428125 0.6771858046875
1 0.2702888921875 0.5486024828125 0.25709059375 0.5291715109374999 0.23789004375 0.5223613734375 0.2108021734375 0.5435247359375001 0.21153372187500002 0.5647644390625 0.22650187812499997 0.578846965625 0.246510315625 0.5790773890625001 0.2597849546875 0.5706889453125 0.2702888921875 0.5486024828125
1 0.35636235625 0.491268728125 0.3672896734375 0.4748000078125 0.35847785 0.45590762656250006 0.336660684375 0.44321045000000003 0.31380520624999997 0.457101425 0.3087649265625 0.470953528125 0.3151142171875 0.4917698515625 0.3293896984375 0.5024278734375 0.3393939171875 0.502543084375 0.35636235625 0.491268728125
1 0.7982012015625 0.4375440109375 0.787888815625 0.4218068375 0.7728054453125 0.41772852968749996 0.7561063015625 0.4268096484375 0.7532592609375001 0.440931046875 0.764264321875 0.46009272343749996 0.777154453125 0.4639017359375 0.7913910640624999 0.45674455937499997 0.7982012015625 0.4375440109375
1 0.7188961953125 0.330962390625 0.7002342374999999 0.3197657765625 0.6778021390625 0.33927449374999996 0.6815348109375 0.3542037796875 0.7023900078125 0.3656696875 0.7203204171875 0.3556265984375 0.722359571875 0.34808491406250003 0.7188961953125 0.330962390625
1 0.46486248281250003 1 0.46449604375 0.9976720374999999 0.4514518296875 0.9860520453125 0.4324053640625 0.9870528875 0.4254411421875 0.9984424578125 0.426133425 1 0.46486248281250003 1
1 0.07062790625000001 0.5519159874999999 0.0940219765625 0.5336385375 0.076706496875 0.511475734375 0.055082285937499996 0.5244047375 0.055390453125 0.5400266984375001 0.07062790625000001 0.5519159874999999
0 0.5 0.5 1 1